
---------command line arguments-----------
 Output file :multi_obj_output_hillvalley_2_2_iid_5.txt
 Fcmi cluster number :2
 Ffmi cluster number :2
 dataset name :hillvalley
 dataset type :iid
 number of clients :5
-----------------------------------------
 
----Client : 1----

 fcmi cluster:2

 affmi cluster:2
------FCMI-----------
[0.045499253958215746, 0.03827171371552174, 0.031677170572684155, 0.031917835365474545, 0.04935944449863028, 0.04086128767988528, 0.039035823648594814, 0.04253396931248021, 0.04276574915851583, 0.03447883723464251, 0.04940268861884567, 0.05240178895149228, 0.031681014316592204, 0.04448477957694896, 0.032822554419733585, 0.03761148988022134, 0.04145703121721578, 0.03729675517932751, 0.03223152707372323, 0.04204019767843459, 0.018924765686692435, 0.03577573650761723, 0.024983917845442072, 0.055149503378922216, 0.05851297264297495, 0.03999736184847835, 0.0268249138749872, 0.029398786972094637, 0.03376670880543253, 0.03767438871682893, 0.04307980608944861, 0.02357955315146798, 0.0395999901172055, 0.028900869266397233, 0.046705645643769333, 0.05489920063226217, 0.02637071699393001, 0.052874721444045925, 0.05777007365254949, 0.061726619916519176, 0.05864920285123976, 0.03446028911839516, 0.046357112754977337, 0.03239549623795135, 0.049865060500172476, 0.03231158038898929, 0.03882606129759392, 0.042222409894574486, 0.03537184785103653, 0.025234312375964407, 0.04108871013054838, 0.03616701953934376, 0.04433803262798186, 0.025241306008990883, 0.03745103261543292, 0.04108871013054749, 0.026681119732832048, 0.027368648833242304, 0.038372883217078435, 0.0322719688535944, 0.024428303767811244, 0.027364042055404436, 0.024384872958322035, 0.021230665459828213, 0.03680642698234182, 0.022456228104064113, 0.019706414796232252, 0.02923917929101405, 0.04630421994035627, 0.02894183506483916, 0.030596909402194505, 0.030153901359633473, 0.029163583508898583, 0.03541616280420934, 0.03619207712091432, 0.03722363692814534, 0.032838173250147484, 0.05068161936612947, 0.02565750855139015, 0.03347870966887001, 0.024931416913765325, 0.034959232880588775, 0.04080637214699623, 0.02760595422937584, 0.027029835468512342, 0.03150113525976206, 0.0254518541951132, 0.02661886645571432, 0.03681266791534732, 0.026681680988780876, 0.03338827672447797, 0.028294393943668616, 0.02367358734543812, 0.032064945441355075, 0.02191656269750908, 0.03011300281640228, 0.03257527448329878, 0.04237173706603059, 0.04336112364171507, 0.020853437011151055]
------FFMI-----------
[1.1106525125248554, 1.1088334530379511, 1.1153132924888112, 1.0767760952457806, 1.1136447289984508, 1.1010154772559453, 1.1039655943902185, 1.0937411906368784, 1.0769506701551073, 1.0966857193822306, 1.1143193150509203, 1.1034109306535622, 1.056168770436109, 1.091551991041613, 1.0919974451620365, 1.1102611434014458, 1.0890105601087856, 1.0715591223341272, 1.0947180822166338, 1.0906663809357189, 1.063555798981824, 1.0824363345344699, 1.0981910672586621, 1.0850050157381153, 1.078683988276804, 1.0705339894686456, 1.106174438509008, 1.0569425577835108, 1.0995771200129634, 1.0957701504219153, 1.0919223834247611, 1.0874002129435096, 1.0634000232635372, 1.0712845446202737, 1.0956057131101051, 1.0697726521302497, 1.0445464238131559, 1.0739314941489024, 1.0534005557592554, 1.0899498864542423, 1.0616024641165143, 1.0843694333081937, 1.092738454198262, 1.0681478699581421, 1.0527361322377355, 1.0638790882711289, 1.0733710368292555, 1.0912750002795544, 1.1009706850004426, 1.0925467783372265, 1.0929595414590936, 1.0949027417587944, 1.0854942988513323, 1.0755579532054995, 1.0845344774295982, 1.0797136221847814, 1.0620751823378691, 1.0930583369956843, 1.0617640033795563, 1.072483450449079, 1.0878424414882364, 1.0687143014932596, 1.104104471774184, 1.0618270434973205, 1.0622749135279705, 1.0807320116195667, 1.0956270483937622, 1.0611338873654472, 1.0893465644947686, 1.0779134814997247, 1.1009073606546287, 1.1089734625590086, 1.09871802818736, 1.1163548829344794, 1.1101697962905355, 1.1185437354780083, 1.119882342356967, 1.1130890251518262, 1.109581998521986, 1.1056847371678593, 1.0899788370648151, 1.0914809433357862, 1.0923232282604194, 1.103320809530678, 1.0617719942956774, 1.077743182519604, 1.0867973735617316, 1.0619268377989173, 1.11662663993091, 1.0689421527820078, 1.1065583119358566, 1.061617144065136, 1.0915254798651521, 1.0990678797690236, 1.1032937442672637, 1.0993807566954266, 1.1004630260401174, 1.1026757098885673, 1.0824419082828804, 1.0695337839161252]

 ----Cluster Analysis----
cluster number :2
silhouette_avg :0.6291095129184617
cluster_labels : 
[1, 1, 1, 0, 1, 1, 1, 1, 0, 1, 1, 1, 0, 1, 1, 1, 1, 0, 1, 1, 0, 0, 1, 1, 0, 0, 1, 0, 1, 1, 1, 1, 0, 0, 1, 0, 0, 0, 0, 1, 0, 1, 1, 0, 0, 0, 0, 1, 1, 1, 1, 1, 1, 0, 1, 0, 0, 1, 0, 0, 1, 0, 1, 0, 0, 0, 1, 0, 1, 0, 1, 1, 1, 1, 1, 1, 1, 1, 1, 1, 1, 1, 1, 1, 0, 0, 1, 0, 1, 0, 1, 0, 1, 1, 1, 1, 1, 1, 0, 0]cluster_centers : 
[[1.0678380649101302, 0.0], [1.0992669707802722, 0.0]]
------No of feature after FFMI-----------
38
 ----Cluster Analysis----
cluster number :2
silhouette_avg :0.5730449242518812
cluster_labels : 
[0, 0, 1, 1, 0, 0, 0, 0, 0, 1, 0, 0, 1, 0, 1, 1, 0, 1, 1, 0, 1, 1, 1, 0, 0, 0, 1, 1, 1, 1, 0, 1, 0, 1, 0, 0, 1, 0, 0, 0, 0, 1, 0, 1, 0, 1, 0, 0, 1, 1, 0, 1, 0, 1, 1, 0, 1, 1, 0, 1, 1, 1, 1, 1, 1, 1, 1, 1, 0, 1, 1, 1, 1, 1, 1, 1, 1, 0, 1, 1, 1, 1, 0, 1, 1, 1, 1, 1, 1, 1, 1, 1, 1, 1, 1, 1, 1, 0, 0, 1]cluster_centers : 
[[0.04618785774852497, 0.0], [0.029853483113493506, 0.0]]
------No of feature after FCMI-----------
36

----Client : 2----

 fcmi cluster:2

 affmi cluster:2
------FCMI-----------
[0.015417917026028238, 0.021955456401014484, 0.01837922947298054, 0.030519691283514394, 0.02550061463861253, 0.01837922947298054, 0.03229830653260812, 0.03289993481450004, 0.05123133007226466, 0.01954702195803204, 0.03331929652676546, 0.032972124746508236, 0.021575700798903252, 0.037232441646751546, 0.04409524808535359, 0.036425829457479075, 0.03456740284250026, 0.020099663305586102, 0.01832104805649326, 0.027160833415727836, 0.014202555813728868, 0.02218849567561998, 0.016433423820883863, 0.01558303125719851, 0.021666352551583223, 0.025052794849577342, 0.019036683411460142, 0.019173511195754056, 0.027384730784387745, 0.016650144726259253, 0.014644729278354252, 0.015042317677358419, 0.014447859188737144, 0.013900627509176644, 0.02347964916778178, 0.02857533502179832, 0.02651177217671563, 0.020969713626465047, 0.02473542723177724, 0.024330703058812908, 0.02633118202882656, 0.016220011859963357, 0.017028491080140373, 0.01926347114045912, 0.015175588345051949, 0.020862029584847175, 0.023168570562130508, 0.015969948268185874, 0.02347886893459661, 0.027486064459072868, 0.016944212673300374, 0.023490160961998185, 0.01624112627124319, 0.015904053490392922, 0.03282274800930507, 0.014291262343880895, 0.019715539854069597, 0.03531699861336435, 0.03365743762491569, 0.020537488956973604, 0.021621910849825454, 0.02528176446625663, 0.010212337365473445, 0.025212291022367772, 0.0288779127775749, 0.010506552308719996, 0.024086315678382153, 0.016308649157350086, 0.02372277962270486, 0.020303518964890355, 0.02925479956010779, 0.013132642782747617, 0.022594593247808437, 0.017462280804156904, 0.025678305467302653, 0.02083215722184706, 0.008941877518017005, 0.019041042302005984, 0.02635018741753381, 0.010568138510349101, 0.02031488553841987, 0.02398001300775343, 0.012386864600568703, 0.010677800986989006, 0.013406784011251283, 0.024986900071785723, 0.02417819033726154, 0.017051311791359325, 0.021087494666527373, 0.013888686030550712, 0.012713281070481308, 0.017048175807010235, 0.018552836169631437, 0.02316936700955985, 0.022678311863634004, 0.03482167300210248, 0.02265209532613266, 0.017254034353445302, 0.020041472930239834, 0.026051816229581526]
------FFMI-----------
[1.0821108845700866, 1.093149549246629, 1.094190683907146, 1.083641186897379, 1.0822250671518023, 1.0914509004666788, 1.0960026850961964, 1.0771036019533127, 1.0710811344258235, 1.067829935933383, 1.039263721821094, 1.051117555829479, 1.0250432540567505, 1.0439941209517154, 1.0477414651468957, 1.0690462751110528, 1.0410946464288267, 1.0242107515397563, 1.0436589920349026, 1.0362531265377628, 1.0193185587254296, 1.0209471318661454, 0.9731107040348619, 0.9863747036556977, 1.023158076110352, 1.0514009775657263, 1.0347920672695718, 1.0485492023913798, 1.046886030466325, 1.0407062169449321, 1.0896415280048048, 1.0620896969125682, 1.073164182968833, 1.0583049689524473, 1.0633353166090924, 1.0164050202125754, 1.0208153786456422, 1.0598118275964663, 1.0530987835515027, 1.067277357245255, 1.0564343061100812, 1.0445929685627648, 1.0736658449197756, 1.0641512570803981, 1.037141996856292, 1.0562853709637892, 1.0529530480140603, 1.058514837651685, 1.0645314113620177, 1.0517036662989292, 1.0661129885446101, 1.0480113436637342, 1.0421103894573593, 1.0589960022107048, 1.0860438476085124, 1.062009649452209, 1.0774626282162838, 1.0684080354097178, 1.0620363911287327, 1.0656765745457737, 1.0741562029137492, 1.0698270430091352, 1.0755236690410879, 1.089561908859486, 1.0677909885444101, 1.0790181874364393, 1.0709844114592677, 1.074881020477082, 1.0949130623966166, 1.0649484665397009, 1.060152049373526, 1.0676441128450884, 1.0550103754299487, 1.069181824532519, 1.0379194228033244, 1.0204382421926605, 1.0345675630086115, 1.023115621026797, 1.0360937734218814, 1.035773003527693, 1.0261741414515109, 1.0795085876288602, 1.0558148057839338, 1.0493143997632164, 1.0627723535309572, 1.0430264938812257, 1.0540416691557808, 1.0817114015009175, 1.0818650672883396, 1.0830676923577878, 1.0821479342291276, 1.0662668335620293, 1.0571257476305307, 1.0815054155340456, 1.0706129354117466, 1.0818879995128525, 1.0872113700661392, 1.095724460026684, 1.0785404744955207, 1.067795533632216]

 ----Cluster Analysis----
cluster number :2
silhouette_avg :0.5777249049103291
cluster_labels : 
[1, 1, 1, 1, 1, 1, 1, 1, 1, 1, 0, 0, 0, 0, 0, 1, 0, 0, 0, 0, 0, 0, 0, 0, 0, 0, 0, 0, 0, 0, 1, 1, 1, 1, 1, 0, 0, 1, 0, 1, 1, 0, 1, 1, 0, 1, 0, 1, 1, 0, 1, 0, 0, 1, 1, 1, 1, 1, 1, 1, 1, 1, 1, 1, 1, 1, 1, 1, 1, 1, 1, 1, 1, 1, 0, 0, 0, 0, 0, 0, 0, 1, 1, 0, 1, 0, 1, 1, 1, 1, 1, 1, 1, 1, 1, 1, 1, 1, 1, 1]cluster_centers : 
[[1.0343480151274969, 0.0], [1.072745706864425, 0.0]]
------No of feature after FFMI-----------
37
 ----Cluster Analysis----
cluster number :2
silhouette_avg :0.5508553404362426
cluster_labels : 
[0, 0, 0, 1, 1, 0, 1, 1, 1, 0, 1, 1, 0, 1, 1, 1, 1, 0, 0, 1, 0, 0, 0, 0, 0, 1, 0, 0, 1, 0, 0, 0, 0, 0, 0, 1, 1, 0, 1, 0, 1, 0, 0, 0, 0, 0, 0, 0, 0, 1, 0, 0, 0, 0, 1, 0, 0, 1, 1, 0, 0, 1, 0, 1, 1, 0, 0, 0, 0, 0, 1, 0, 0, 0, 1, 0, 0, 0, 1, 0, 0, 0, 0, 0, 0, 1, 0, 0, 0, 0, 0, 0, 0, 0, 0, 1, 0, 0, 0, 1]cluster_centers : 
[[0.018175830298746677, 0.0], [0.030729457899256126, 0.0]]
------No of feature after FCMI-----------
31

----Client : 3----

 fcmi cluster:2

 affmi cluster:2
------FCMI-----------
[0.045142256767401356, 0.031912150229367775, 0.044920584126712626, 0.04096071964678849, 0.06087481765884428, 0.04478628793215922, 0.029207149212326033, 0.03239770360841421, 0.03624959106836023, 0.03989184549833169, 0.03941658157876615, 0.03434693335228545, 0.027418975632606646, 0.028732748796997498, 0.022348870087285366, 0.048601459995194496, 0.039930922442064976, 0.02599338356176495, 0.029308315177571043, 0.03872982543281922, 0.02641429843952592, 0.034131358075723206, 0.03977838503927389, 0.03379144249903021, 0.036006656102086865, 0.029655298037366773, 0.024453882956271933, 0.04379151837456208, 0.032262890841716185, 0.02977604831362335, 0.03008630408158597, 0.037210160933312864, 0.03571767098172396, 0.033552836087178406, 0.02743871543780374, 0.03231958487914044, 0.038768641381147884, 0.029766197395891147, 0.03054450399307207, 0.03542965217287941, 0.029234427885347358, 0.03452021968928509, 0.033292371225609685, 0.030741702005785854, 0.032390914389132774, 0.02897802658211246, 0.03323241791115761, 0.05105737803096533, 0.040548028191637275, 0.03141477101320911, 0.03594320155159281, 0.03831930102386494, 0.030395634974898833, 0.03542965217287941, 0.029112184009997488, 0.039774840443962844, 0.033683579202210545, 0.040258671673585766, 0.030702127636984322, 0.026197212421381177, 0.04591114437611532, 0.02851946717977194, 0.03167068707745546, 0.026923989326179232, 0.03571675273179675, 0.04088983328479889, 0.03940175455760331, 0.045045625483394414, 0.039160503833093774, 0.04862112004082508, 0.042301751508767804, 0.045705270032582845, 0.04439499510319367, 0.03879844924749065, 0.0420594353490813, 0.05096988654913659, 0.04900654605230148, 0.03500027367325531, 0.03937015953203549, 0.05092801707422456, 0.048274322631221, 0.03367436535403412, 0.0562658926563091, 0.044544177477983116, 0.03701766048672406, 0.04025750601476075, 0.031960371474246685, 0.04576861598411952, 0.04723974139589826, 0.03533529604643704, 0.033407157262385745, 0.04674822829166381, 0.041563695000158773, 0.03871164908682445, 0.02902756289413011, 0.031245842986569183, 0.039164101865215795, 0.034965862835598216, 0.029484981460292214, 0.038478256682086265]
------FFMI-----------
[1.028740896152382, 1.0016431356974242, 1.0240484311985238, 0.9750566633795145, 1.0072289497750662, 0.9973497304716733, 0.9893741905920808, 0.9535578543178024, 0.9997911519173431, 0.9676733505669373, 0.881814577925409, 0.881438453644887, 0.8365314913637738, 0.8061999658994526, 0.7769833716786461, 0.8371658490564319, 0.8510765062843823, 0.8595771039097767, 0.9487716583084718, 0.864043643621567, 0.945313741304305, 0.9759594698241667, 0.9968490135240987, 0.9494517975142923, 0.9678849033718605, 0.9446778444108266, 0.9842757251507516, 1.0318711880036853, 0.9687615549882195, 1.0296563964435907, 1.0111441852551535, 1.0091518642894537, 1.0115580807063353, 1.0134654265058833, 0.9891546501422006, 1.0160714335262315, 0.9978152617076747, 1.0145402494355897, 1.0084945174369244, 1.0162015651250282, 1.0013125627503503, 1.0081516890805702, 1.0188061767321182, 0.9944431970409757, 1.013886548586589, 1.0113134283947467, 1.0086573395066378, 0.9744034538309359, 1.0086877555778064, 0.9734760647811959, 1.0107526068008488, 1.0141431000167487, 1.0001723085439815, 1.00364028794821, 1.0184093924740696, 1.008222965613398, 1.0102712847071273, 0.9855926758162428, 0.9627276619607419, 1.0041765117729708, 1.0192977063868978, 1.0091546298360283, 0.9806646706271247, 1.004608702514461, 0.9679184816127534, 0.9931229956541326, 0.9874233002228234, 0.963752909232359, 0.9875959401344325, 0.9914829354792559, 1.0020641420851748, 0.9893930793812649, 0.999427695666353, 0.9757551056122447, 0.9986441766587533, 1.0075790681538694, 1.0080366961503981, 1.0107282404804072, 0.9926842383118757, 1.0090005415938526, 1.0218945593157052, 1.0112213382774755, 1.0145728942215484, 1.018776131487014, 0.9896499819391479, 0.9740688779531971, 1.0041206110101306, 0.9500276185015266, 1.016320878421522, 0.9995391621020029, 1.0010069601829588, 0.9877612151573922, 1.006487229425388, 1.0046045244075408, 1.0113668592543537, 1.0432438738536423, 1.009965288316715, 1.0426367770833975, 0.9962478632902378, 1.0407430162394917]

 ----Cluster Analysis----
cluster number :2
silhouette_avg :0.8260399928275182
cluster_labels : 
[0, 0, 0, 0, 0, 0, 0, 0, 0, 0, 1, 1, 1, 1, 1, 1, 1, 1, 0, 1, 0, 0, 0, 0, 0, 0, 0, 0, 0, 0, 0, 0, 0, 0, 0, 0, 0, 0, 0, 0, 0, 0, 0, 0, 0, 0, 0, 0, 0, 0, 0, 0, 0, 0, 0, 0, 0, 0, 0, 0, 0, 0, 0, 0, 0, 0, 0, 0, 0, 0, 0, 0, 0, 0, 0, 0, 0, 0, 0, 0, 0, 0, 0, 0, 0, 0, 0, 0, 0, 0, 0, 0, 0, 0, 0, 0, 0, 0, 0, 0]cluster_centers : 
[[0.9983447561452155, 0.0], [0.8438701070427029, 0.0]]
------No of feature after FFMI-----------
9
 ----Cluster Analysis----
cluster number :2
silhouette_avg :0.5994948298424783
cluster_labels : 
[1, 0, 1, 1, 1, 1, 0, 0, 0, 1, 1, 0, 0, 0, 0, 1, 1, 0, 0, 1, 0, 0, 1, 0, 0, 0, 0, 1, 0, 0, 0, 0, 0, 0, 0, 0, 1, 0, 0, 0, 0, 0, 0, 0, 0, 0, 0, 1, 1, 0, 0, 1, 0, 0, 0, 1, 0, 1, 0, 0, 1, 0, 0, 0, 0, 1, 1, 1, 1, 1, 1, 1, 1, 1, 1, 1, 1, 0, 1, 1, 1, 0, 1, 1, 0, 1, 0, 1, 1, 0, 0, 1, 1, 1, 0, 0, 1, 0, 0, 1]cluster_centers : 
[[0.031530214918131655, 0.0], [0.04375301691702202, 0.0]]
------No of feature after FCMI-----------
44

----Client : 4----

 fcmi cluster:2

 affmi cluster:2
------FCMI-----------
[0.03018971929824299, 0.039795071277551664, 0.04881796517834003, 0.04640379535312622, 0.029219744735797804, 0.02995820080198386, 0.0286189910929604, 0.04072331197377643, 0.024946878882645684, 0.03436278502100332, 0.04325229425932475, 0.03396596052543588, 0.054273084838950325, 0.0493550386788737, 0.038658771927189584, 0.02670580234424591, 0.04919815202910338, 0.03977474939180459, 0.03462999311265258, 0.05567440721093142, 0.0435023578511029, 0.04907351164897711, 0.04531866800713158, 0.02728175742508987, 0.03804278794985683, 0.026077286913969155, 0.022225864993244304, 0.02991704238126691, 0.03109123543956871, 0.05391110276048838, 0.03268979310437703, 0.031161478103477247, 0.057714933336672436, 0.04150064891426819, 0.017836354487027695, 0.041645876458653586, 0.032451700878163736, 0.055214643271392916, 0.05213402087080077, 0.042593237695901065, 0.026389851859060176, 0.03361253052978941, 0.036351292625453, 0.04055459515285875, 0.047516080782642245, 0.03316946876767535, 0.037499564149203746, 0.021732183216227163, 0.04478079931448198, 0.04199065115966816, 0.030413839003003318, 0.016607582180542035, 0.03099649991981579, 0.020651583735164625, 0.040502552405389025, 0.030974309306850856, 0.024126607153649005, 0.03154429671690728, 0.02831273357370856, 0.03688270882611011, 0.03779875227320373, 0.021386833857746534, 0.035276291025438056, 0.03117562262070761, 0.020885488215743653, 0.018634196921695434, 0.017303772098627324, 0.03268128940825088, 0.030379296775441045, 0.027119510035175987, 0.0188653046396301, 0.04008815506585606, 0.025101198622986765, 0.024238852704553615, 0.03919964292430578, 0.02366025125798865, 0.023826075543389003, 0.028266899318744487, 0.02637764188374092, 0.022395929907119916, 0.04147970419737801, 0.01484948688653498, 0.01872965492476686, 0.04059668741740019, 0.023466151599341956, 0.03128019667355231, 0.03163494846958814, 0.01745335468074405, 0.03392742862692799, 0.023323070016355363, 0.018538106581127423, 0.028463026305488803, 0.026375153056477085, 0.03212970304737395, 0.03921752063238615, 0.04109597505568585, 0.027551818006567252, 0.04331856884128893, 0.02358798527051409, 0.05144655436167023]
------FFMI-----------
[0.8428791886520038, 0.8837022270916006, 0.8913079548809946, 0.8850239389743831, 0.8702790230227283, 0.8794848932728088, 0.8660948723018673, 0.8863422641594407, 0.8774809090663847, 0.8595066869330186, 0.8740759382909442, 0.8662733093676459, 0.8751591410014481, 0.8780470001963186, 0.8668669706439938, 0.8633540198969188, 0.8707654411415578, 0.8878299633307638, 0.8510397009024322, 0.8709799636588247, 0.8742948389564456, 0.8666442985629005, 0.8495869205342595, 0.8595544740635112, 0.8564114904997591, 0.8526966068500795, 0.8264479121236222, 0.8431283242909443, 0.8504834883402274, 0.8463917539692968, 0.8522650993987335, 0.8416480445210833, 0.8475986523542056, 0.8794065443084568, 0.8638237238033385, 0.8668817270240947, 0.8574017221330414, 0.8802475742759218, 0.8442563541620474, 0.8281584259603897, 0.8550789209873775, 0.8475115922861839, 0.8363121259689376, 0.8352470860766403, 0.8387464358207677, 0.8227224280179817, 0.8588491173543853, 0.8628631031435986, 0.8455558065064022, 0.868579604797889, 0.8905607757588232, 0.8213603693985825, 0.8822387996670125, 0.8839062569624004, 0.8682743039861891, 0.881401772818526, 0.8932822855039653, 0.8839759430222576, 0.8695598363548562, 0.9001433348038462, 0.8738716563310381, 0.8556721290227459, 0.8906601300868584, 0.8858695116091545, 0.8902975192029191, 0.8638859003252605, 0.8219954512000978, 0.866236798020542, 0.7718034443471767, 0.821696333975069, 0.8101267075543788, 0.7616006975627341, 0.7485630643054774, 0.7589213437947657, 0.75052824786044, 0.7771783493859684, 0.821329814848695, 0.7824208719217123, 0.851226509183577, 0.8378131994540169, 0.8311764470460399, 0.8243609414870894, 0.850276189909059, 0.8331714069373737, 0.8625870924069406, 0.8654300656407427, 0.8341250094352083, 0.8565697702695534, 0.8745310301050407, 0.8768741344108978, 0.8643208625956113, 0.8869764220266704, 0.8768816645146438, 0.8824956546571731, 0.8818727320596221, 0.882317555953255, 0.8689240383604738, 0.8748277095334557, 0.88006507164599, 0.8712355699984164]

 ----Cluster Analysis----
cluster number :2
silhouette_avg :0.6291800102166435
cluster_labels : 
[0, 0, 0, 0, 0, 0, 0, 0, 0, 0, 0, 0, 0, 0, 0, 0, 0, 0, 0, 0, 0, 0, 0, 0, 0, 0, 1, 0, 0, 0, 0, 0, 0, 0, 0, 0, 0, 0, 0, 1, 0, 0, 1, 1, 0, 1, 0, 0, 0, 0, 0, 1, 0, 0, 0, 0, 0, 0, 0, 0, 0, 0, 0, 0, 0, 0, 1, 0, 1, 1, 1, 1, 1, 1, 1, 1, 1, 1, 0, 1, 1, 1, 0, 1, 0, 0, 1, 0, 0, 0, 0, 0, 0, 0, 0, 0, 0, 0, 0, 0]cluster_centers : 
[[0.8685083160574173, 0.0], [0.8071390763028362, 0.0]]
------No of feature after FFMI-----------
22
 ----Cluster Analysis----
cluster number :2
silhouette_avg :0.6114125915264262
cluster_labels : 
[1, 0, 0, 0, 1, 1, 1, 0, 1, 1, 0, 1, 0, 0, 0, 1, 0, 0, 1, 0, 0, 0, 0, 1, 0, 1, 1, 1, 1, 0, 1, 1, 0, 0, 1, 0, 1, 0, 0, 0, 1, 1, 0, 0, 0, 1, 0, 1, 0, 0, 1, 1, 1, 1, 0, 1, 1, 1, 1, 0, 0, 1, 1, 1, 1, 1, 1, 1, 1, 1, 1, 0, 1, 1, 0, 1, 1, 1, 1, 1, 0, 1, 1, 0, 1, 1, 1, 1, 1, 1, 1, 1, 1, 1, 0, 0, 1, 0, 1, 0]cluster_centers : 
[[0.044279441950492306, 0.0], [0.026733551057145692, 0.0]]
------No of feature after FCMI-----------
39

----Client : 5----

 fcmi cluster:2

 affmi cluster:2
------FCMI-----------
[0.03310106078499864, 0.05334591005452616, 0.03326267991162313, 0.0441195079718435, 0.05059584430048325, 0.053725184837666085, 0.05982375708444687, 0.05682037397960249, 0.06200834272058753, 0.03417591916438356, 0.05663693556858096, 0.049392534317705294, 0.044975745378875054, 0.04585690122308694, 0.03705851817099948, 0.05227303673101247, 0.04922632674867655, 0.033738835814295154, 0.03647984875782795, 0.053933365830746816, 0.035197133649310874, 0.0433811446795942, 0.03828300037123222, 0.033147659790250916, 0.03289698896434823, 0.041990029021701236, 0.03150839383837267, 0.060136620157488, 0.04957437823896793, 0.030526064929542684, 0.03935696883107864, 0.036357202071786165, 0.036382422735617315, 0.05838249822351749, 0.045772490382024245, 0.028839188670490845, 0.049442133588721404, 0.03597290907095774, 0.047503701980891044, 0.04301029967202474, 0.04482696066334224, 0.03838450627428447, 0.04568255130656018, 0.04788749610978993, 0.04612487649038455, 0.04795414872205628, 0.04580428263165226, 0.053683727914147994, 0.05628012554019923, 0.029137615964984764, 0.03482614864473588, 0.044334543588544495, 0.05818507220338498, 0.04398222075375191, 0.04613865123447214, 0.043165294992308034, 0.04261302591859639, 0.05225781609272229, 0.048995719450443787, 0.04026692622772332, 0.030984536131136053, 0.03673762830421934, 0.042161074391208864, 0.03152093342961804, 0.048295231550297135, 0.040570161280336414, 0.03297308153627121, 0.04155552105595639, 0.022104129449752374, 0.0322760634988466, 0.023964755399882964, 0.027140857141461083, 0.02121517508813353, 0.028078527343569082, 0.023295231550297224, 0.03399031202043945, 0.039901579547949595, 0.05289045776327983, 0.029967474059287458, 0.026581049850075367, 0.033241343243047616, 0.051280564866081235, 0.05084468242435847, 0.037913836392024614, 0.025687805150399257, 0.018729194455173737, 0.03365744936850534, 0.052654216643583496, 0.04829545988774964, 0.04671604631211457, 0.03805974777575649, 0.0328887843898209, 0.07147680492665476, 0.03937413865722261, 0.047242298715055586, 0.05021766465367694, 0.04496790978379295, 0.040397294139598916, 0.028717464344481858, 0.029059936669504793]
------FFMI-----------
[1.0643604939845581, 1.0605802053753586, 1.0209494726622388, 1.0525781547287587, 1.0487521401093018, 1.0834576824144502, 1.0801187390133717, 1.0273026941784986, 1.0321204043665526, 1.0161151509780055, 1.0155228837196828, 1.0682781220702893, 1.0678403741005429, 0.9564291808394647, 1.0613497806646128, 1.0639324017860508, 1.0170402515835792, 0.9946959018471653, 1.0771877223843909, 1.0637709287027846, 1.0093348843662038, 1.056858808378115, 1.067770678488747, 1.04214909028939, 1.027066796039827, 1.0486788307969492, 1.036416366112146, 0.9847573642784341, 1.0221181315420906, 0.9821910709392921, 1.0619562733397123, 1.0253809531446028, 1.0359904733014018, 1.025552342964444, 1.0098169474701855, 0.9713140132815983, 1.0354313254367242, 0.9890882274596932, 1.009689991461198, 1.0708867158841497, 1.0210908755725339, 0.9985892423475135, 0.9844621713134897, 1.0040418551301868, 1.0324728037959134, 1.0181030622594998, 1.0148007609475647, 1.0278044226120768, 0.9935329497469265, 1.0261128338648813, 1.0267122238200102, 1.0026891204550343, 1.0649284759194138, 1.0548417853364938, 0.9983833521399091, 1.0486191895998545, 1.0024877815164224, 1.050416003928673, 0.9644066864002987, 1.0312859535820127, 0.9627472314952876, 1.0159676105792705, 0.978630283789066, 1.0281822073564315, 1.0346219444989448, 1.0201513742557848, 1.0395780091145794, 1.006448329701674, 1.0104051311252515, 0.9799904308991144, 1.0519360649784482, 1.0201192696783732, 1.0283192616253356, 1.0269191946014882, 1.0258635093540798, 1.0532073930623946, 1.054702765565753, 1.0628618083596768, 1.0624303373936912, 1.058091530389353, 1.046599761567591, 1.0521787729895768, 1.0612127442924364, 1.0545165337912612, 1.0603386180597, 1.0238200067245804, 1.06053362371315, 1.055613235760122, 1.0664336001506278, 1.0571202717710493, 1.0505479114211338, 1.070174725998438, 1.080229375733063, 1.0590644999521068, 1.0644669916476965, 1.055353556366608, 1.0497938516023793, 1.019447772977269, 1.051101016945331, 1.0789962340645824]

 ----Cluster Analysis----
cluster number :2
silhouette_avg :0.6144437048226613
cluster_labels : 
[1, 1, 0, 1, 1, 1, 1, 0, 0, 0, 0, 1, 1, 0, 1, 1, 0, 0, 1, 1, 0, 1, 1, 1, 0, 1, 1, 0, 0, 0, 1, 0, 1, 0, 0, 0, 1, 0, 0, 1, 0, 0, 0, 0, 0, 0, 0, 0, 0, 0, 0, 0, 1, 1, 0, 1, 0, 1, 0, 0, 0, 0, 0, 0, 1, 0, 1, 0, 0, 0, 1, 0, 0, 0, 0, 1, 1, 1, 1, 1, 1, 1, 1, 1, 1, 0, 1, 1, 1, 1, 1, 1, 1, 1, 1, 1, 1, 0, 1, 1]cluster_centers : 
[[1.0087851912814294, 0.0], [1.0580167831634497, 0.0]]
------No of feature after FFMI-----------
49
 ----Cluster Analysis----
cluster number :2
silhouette_avg :0.6025020009388743
cluster_labels : 
[0, 1, 0, 1, 1, 1, 1, 1, 1, 0, 1, 1, 1, 1, 0, 1, 1, 0, 0, 1, 0, 1, 0, 0, 0, 1, 0, 1, 1, 0, 0, 0, 0, 1, 1, 0, 1, 0, 1, 1, 1, 0, 1, 1, 1, 1, 1, 1, 1, 0, 0, 1, 1, 1, 1, 1, 1, 1, 1, 0, 0, 0, 1, 0, 1, 0, 0, 1, 0, 0, 0, 0, 0, 0, 0, 0, 0, 1, 0, 0, 0, 1, 1, 0, 0, 0, 0, 1, 1, 1, 0, 0, 1, 0, 1, 1, 1, 0, 0, 0]cluster_centers : 
[[0.032665176726159525, 0.0], [0.04977772133228726, 0.0]]
------No of feature after FCMI-----------
52

----Global feature subset----
V1,V10,V100,V11,V12,V13,V14,V15,V16,V17,V18,V19,V2,V20,V21,V22,V23,V24,V25,V26,V27,V28,V29,V3,V30,V31,V32,V33,V34,V35,V36,V37,V38,V39,V4,V40,V41,V42,V43,V44,V45,V46,V47,V48,V49,V5,V50,V51,V52,V53,V54,V55,V56,V57,V58,V59,V6,V60,V61,V62,V63,V64,V65,V66,V67,V68,V69,V7,V70,V71,V72,V73,V74,V75,V76,V77,V78,V79,V8,V80,V81,V82,V83,V84,V85,V86,V87,V88,V89,V9,V90,V92,V93,V94,V95,V96,V97,V98,V99V1,V10,V100,V11,V12,V13,V14,V15,V16,V17,V18,V19,V2,V20,V21,V22,V23,V24,V25,V26,V27,V28,V29,V3,V30,V31,V32,V33,V34,V35,V36,V37,V38,V39,V4,V40,V41,V42,V43,V44,V45,V46,V47,V48,V49,V5,V50,V51,V52,V53,V54,V55,V56,V57,V58,V59,V6,V60,V61,V62,V63,V64,V65,V66,V67,V68,V69,V7,V70,V71,V72,V73,V74,V75,V76,V77,V78,V79,V8,V80,V81,V82,V83,V84,V85,V86,V87,V88,V89,V9,V90,V92,V93,V94,V95,V96,V97,V98,V99
 number of global feature subset :99

----Learning on Global features--------
 Client : 1----

 knn-3 :0.5306122448979592

 knn-5 :0.4489795918367347

 roc_auc_score :0.4347826086956522

----Learning on Global features--------
 Client : 2----

 knn-3 :0.4489795918367347

 knn-5 :0.5102040816326531

 roc_auc_score :0.5018939393939393

----Learning on Global features--------
 Client : 3----

 knn-3 :0.5510204081632653

 knn-5 :0.5102040816326531

 roc_auc_score :0.4821428571428572

----Learning on Global features--------
 Client : 4----

 knn-3 :0.4897959183673469

 knn-5 :0.5306122448979592

 roc_auc_score :0.45652173913043476

----Learning on Global features--------
 Client : 5----

 knn-3 :0.4791666666666667

 knn-5 :0.4375

 roc_auc_score :0.44288793103448276
