
---------command line arguments-----------
 Output file :multi_obj_output_musk_2_2_iid_5.txt
 Fcmi cluster number :2
 Ffmi cluster number :2
 dataset name :musk
 dataset type :iid
 number of clients :5
-----------------------------------------
 
----Client : 1----

 fcmi cluster:2

 affmi cluster:2
------FCMI-----------
[0.533523623967397, 0.021661001190139473, 0.03007060666364536, 0.07714623258364028, 0.059950661234233316, 0.005411011681021649, 0.038772540767060715, 0.04067252309160185, 0.05152015945941946, 0.0463254541360385, 0.01448617959573717, 0.07517233703106108, 0.0525368319380255, 0.03904955589448278, 0.07505450698783722, 0.07777672936557911, 0.035084556709600534, 0.09148177025944682, 0.03389493046921155, 0.03821844163430166, 0.025901954866975885, 0.019524860720362636, 0.03868221510357106, 0.035535694005474294, 0.019289153482426435, 0.04365041659446822, 0.040866322513957165, 0.04971454166327405, 0.025080137540480774, 0.03920275672211604, 0.022320713940289227, 0.030334759056413363, 0.023416378976435226, 0.03757600007141848, 0.02963489670413999, 0.02383148047399075, 0.07228299813389238, 0.03794553491256503, 0.027492385643377304, 0.0264651807222287, 0.024561865070302336, 0.04739948912158676, 0.024446113053460117, 0.017501572988869896, 0.09153019987067568, 0.09073306823737548, 0.03499761917055677, 0.03634205852537331, 0.03329804959416727, 0.06936343524411503, 0.0108783061881641, 0.013202076287571085, 0.036702358944626035, 0.047621358788166646, 0.03294735554433226, 0.023064987353557775, 0.01571823866539601, 0.057629231043561546, 0.040372955452497195, 0.04588458239153148, 0.019789107548270568, 0.03716289813116225, 0.0617358272944335, 0.04631232584290501, 0.049389399969997694, 0.048532198621411116, 0.03336562546694699, 0.006861259287935795, 0.04758942826254842, 0.027234563852835514, 0.04719457708556529, 0.054199588207568095, 0.04021061425210881, 0.03360902092052376, 0.06707575512494124, 0.035129858571567585, 0.009948322797047382, 0.045011206539551374, 0.0787858289347314, 0.0692247863323634, 0.09267025048891941, 0.02984059030733155, 0.04635295771260006, 0.013732073066022643, 0.04889497136752574, 0.028944295033660694, 0.042784496379415504, 0.06401944861023212, 0.021821604624710833, 0.04759036183641996, 0.032817406627641876, 0.05856072929746459, 0.06174212709789417, 0.03855532196321532, 0.010811049392139171, 0.0705649403404407, 0.058512275302901706, 0.05898842392177528, 0.06977136866447076, 0.06298437560172854, 0.04777215971294968, 0.04627469683187835, 0.02961064991309703, 0.06162270686354221, 0.08172782771071496, 0.08303513217734704, 0.0684217451798741, 0.02572428353106826, 0.04776163981667647, 0.06220073359658285, 0.09667224370862693, 0.07883234704993525, 0.02629712310104182, 0.06326252735273563, 0.052448336462352696, 0.02905738137355751, 0.021862827292192133, 0.047515280072842, 0.047596536599659345, 0.050729611224946236, 0.04345132516275285, 0.0472570297782311, 0.021768800402629296, 0.0309369406810025, 0.055370365922146725, 0.06179978868977143, 0.08325037364734378, 0.017887204028364412, 0.021851286243312007, 0.01493475144293921, 0.0338345673289604, 0.00923590042179212, 0.08873741651036271, 0.010176451339172221, 0.03484963270767549, 0.08228021981388522, 0.04951345366889104, 0.09178043047611606, 0.057163879279076735, 0.03032349717249483, 0.011142662486299582, 0.011895870070456116, 0.03123245340271641, 0.07048667854012924, 0.07118778909471324, 0.010216832421621413, 0.00823630504480799, 0.015273848769949083, 0.06735733979490588, 0.0485902461512322, 0.045180166332665195, 0.06649206946351116, 0.029641340148784057, 0.02340479660290251, 0.042579555641831135, 0.01135704732503795, 0.07195175432757228, 0.02189315510608436, 0.015587737363246035, 0.04152627132327069, 0.07687324033828435, 0.007728705592353169, 0.06131348427391892, 0.04738216755367208, 0.03042612606405637, 0.035726936730667624, 0.05391270730418851]
------FFMI-----------
[0.3742062222886388, 0.2247141222429036, 0.3070816772371067, 0.5110297697489254, 0.41381671503135664, 0.040099330687090214, 0.3625168050068285, 0.5371114581600924, 0.5073868182351289, 0.48226313435335044, 0.3558477916117091, 0.5286108860638856, 0.3733718339916911, 0.2369337822815907, 0.5157270569467653, 0.39997145814366014, 0.16362619974770903, 0.5822966614491685, 0.30769438392470366, 0.46702114763109226, 0.33471056990862064, 0.3794369583932184, 0.5033186252641126, 0.5244128619195583, 0.41847496211126967, 0.4665065048518508, 0.5484308296815097, 0.46097620037938325, 0.3292077015086551, 0.4015272359459145, 0.47863535344697583, 0.1503909084060228, 0.3191194027640328, 0.3255461114792419, 0.4471435866744238, 0.40606144606417577, 0.3737026160789653, 0.1851582328976354, 0.46058885819185236, 0.432288391590368, 0.43039767839741205, 0.43314956853715797, 0.33218915327592935, 0.27065729129962535, 0.4662617028883097, 0.46418700340900476, 0.438762271798959, 0.3036712309744332, 0.4755576677555343, 0.5013056643432076, 0.3384830967097838, 0.29813627076047317, 0.5268215974531343, 0.49519483844308665, 0.391742974144049, 0.34635931634511485, 0.35200195772886855, 0.6002653457555396, 0.33927152087586765, 0.2875315426957557, 0.4568002256861065, 0.28981577729217933, 0.4174431245343259, 0.2047155466061981, 0.5205059599887947, 0.411181981897602, 0.28253337954439456, 0.04443955144002649, 0.4296679840413203, 0.43769461117961356, 0.4020159678486358, 0.502808524450871, 0.4782895053407041, 0.47418377750426915, 0.4807092146138326, 0.3937392552878868, 0.14607223087218968, 0.5332156981248921, 0.47429979446380177, 0.4007368104809952, 0.4816851872623233, 0.4940976382368738, 0.5491965290165213, 0.41659734518960406, 0.3443540592978077, 0.5783394936496352, 0.5162729291698176, 0.37775882583313103, 0.288250119649093, 0.4147164096212658, 0.549967291324061, 0.26831236262272234, 0.4132901467851908, 0.4250756326138299, 0.3224277627187969, 0.2212688668844256, 0.3250210120105247, 0.266198539051173, 0.5321752293193012, 0.4905671074743842, 0.5348303378225754, 0.44888188883792557, 0.3230814067323718, 0.4697306867399756, 0.5013517148120444, 0.3959558342369909, 0.44874370010266984, 0.18724212149524738, 0.4977448935676708, 0.545098143263226, 0.4673219063898541, 0.3691583406313604, 0.5321484863404563, 0.5748437629715002, 0.5745080642400738, 0.5140964825127419, 0.35272343637240644, 0.506521299957698, 0.5112936293021811, 0.6211143310982331, 0.4867322221999507, 0.45473202173795485, 0.403107137156658, 0.4033181862112414, 0.3117451292197274, 0.27969024862431174, 0.28192919013833984, 0.45132530574745905, 0.43947002568147636, 0.33810011793122113, 0.38245473508959354, 0.2511208982276728, 0.2854313281499371, 0.23981492373426763, 0.34049974980271364, 0.5509563281122531, 0.36434547360159975, 0.4899690139056589, 0.38357181382024275, 0.48683993555616567, 0.3245517933048213, 0.33565071836021926, 0.45633905985039125, 0.5729357480686492, 0.5877227159257837, 0.06417812926818663, 0.0860022581971023, 0.06694414111537829, 0.36929832865008916, 0.38204849135145336, 0.44856712974453816, 0.4019498224389159, 0.3873327003047321, 0.40251565812619206, 0.44998813190200804, 0.2976042298746955, 0.42190007382990646, 0.11415782006551851, 0.32249384074194104, 0.4303050204849107, 0.37833228632338534, 0.28709846849746806, 0.31991690092636604, 0.23357872558638512, 0.20394905371270472, 0.26953447442431516, 0.2666484557686381]

 ----Cluster Analysis----
cluster number :2
silhouette_avg :0.5806680769455653
cluster_labels : 
[1, 0, 0, 1, 1, 0, 0, 1, 1, 1, 0, 1, 1, 0, 1, 1, 0, 1, 0, 1, 0, 1, 1, 1, 1, 1, 1, 1, 0, 1, 1, 0, 0, 0, 1, 1, 1, 0, 1, 1, 1, 1, 0, 0, 1, 1, 1, 0, 1, 1, 0, 0, 1, 1, 1, 0, 0, 1, 0, 0, 1, 0, 1, 0, 1, 1, 0, 0, 1, 1, 1, 1, 1, 1, 1, 1, 0, 1, 1, 1, 1, 1, 1, 1, 0, 1, 1, 1, 0, 1, 1, 0, 1, 1, 0, 0, 0, 0, 1, 1, 1, 1, 0, 1, 1, 1, 1, 0, 1, 1, 1, 1, 1, 1, 1, 1, 0, 1, 1, 1, 1, 1, 1, 1, 0, 0, 0, 1, 1, 0, 1, 0, 0, 0, 0, 1, 0, 1, 1, 1, 0, 0, 1, 1, 1, 0, 0, 0, 1, 1, 1, 1, 1, 1, 1, 0, 1, 0, 0, 1, 1, 0, 0, 0, 0, 0, 0]cluster_centers : 
[[0.2665965679054556, 0.0], [0.4660948254863123, 0.0]]
------No of feature after FFMI-----------
61
 ----Cluster Analysis----
cluster number :2
silhouette_avg :0.9429090972738785
cluster_labels : 
[1, 0, 0, 0, 0, 0, 0, 0, 0, 0, 0, 0, 0, 0, 0, 0, 0, 0, 0, 0, 0, 0, 0, 0, 0, 0, 0, 0, 0, 0, 0, 0, 0, 0, 0, 0, 0, 0, 0, 0, 0, 0, 0, 0, 0, 0, 0, 0, 0, 0, 0, 0, 0, 0, 0, 0, 0, 0, 0, 0, 0, 0, 0, 0, 0, 0, 0, 0, 0, 0, 0, 0, 0, 0, 0, 0, 0, 0, 0, 0, 0, 0, 0, 0, 0, 0, 0, 0, 0, 0, 0, 0, 0, 0, 0, 0, 0, 0, 0, 0, 0, 0, 0, 0, 0, 0, 0, 0, 0, 0, 0, 0, 0, 0, 0, 0, 0, 0, 0, 0, 0, 0, 0, 0, 0, 0, 0, 0, 0, 0, 0, 0, 0, 0, 0, 0, 0, 0, 0, 0, 0, 0, 0, 0, 0, 0, 0, 0, 0, 0, 0, 0, 0, 0, 0, 0, 0, 0, 0, 0, 0, 0, 0, 0, 0, 0, 0]cluster_centers : 
[[0.0431866083512902, 0.0], [0.533523623967397, 0.0]]
------No of feature after FCMI-----------
1

----Client : 2----

 fcmi cluster:2

 affmi cluster:2
------FCMI-----------
[0.5263415037075156, 0.019421965608619196, 0.0250829927783367, 0.07926990852172278, 0.05000676525712189, 0.008279806047001848, 0.04207691056848395, 0.0655788394821526, 0.053503158546214014, 0.048636273424046195, 0.014231793571326978, 0.06874242001981834, 0.0637359971231608, 0.02504481555028848, 0.07845129789072969, 0.06891265298701166, 0.014963155827166563, 0.11313575429391376, 0.03801349625296391, 0.06211836271524662, 0.024086608380522012, 0.02164206896977694, 0.04252440606970742, 0.05196143018189492, 0.024132526636932994, 0.03850182774530575, 0.04981364103915453, 0.06066745864752221, 0.03361922647096005, 0.05282920171602523, 0.026782098797595744, 0.03191675967564489, 0.02560441498500543, 0.047175475336550754, 0.02300647261102373, 0.014115112730243684, 0.09511976954723034, 0.03647436498871892, 0.030161278664181168, 0.03654419493065708, 0.03690011285038608, 0.037601258798673154, 0.03564029901731747, 0.012412493234666755, 0.07866338622024172, 0.07624112872930278, 0.04047354654180735, 0.037296910455931975, 0.04617209656289534, 0.07155475536917688, 0.013810316952393986, 0.028177971643021493, 0.04276189672996544, 0.033713307510979895, 0.03218020743432515, 0.02416363842766378, 0.03380456998288217, 0.07299127035200437, 0.04444513328463229, 0.06848672676992562, 0.01118204710486781, 0.0389481287908775, 0.07022148671865658, 0.03476120621153722, 0.04696540388425463, 0.04741351213509404, 0.037272421708811176, 0.01108955483023899, 0.060225396554905775, 0.035973560648600245, 0.0515151616597036, 0.06351619410625808, 0.021435352199840274, 0.03694090710979259, 0.054431232834267096, 0.032370930147969545, 0.016228673971805385, 0.06006237279147486, 0.06028971815601247, 0.08654922886150818, 0.06423522019937389, 0.031162749540172285, 0.05374853718898276, 0.02114823407659605, 0.05530693700123113, 0.02521188926617235, 0.05428110564265198, 0.07536231380170388, 0.0345629868684556, 0.05634640368042154, 0.02328686587783979, 0.05578313504938581, 0.06094186402447299, 0.03495022976926654, 0.010946251517320427, 0.057993943416500215, 0.06395315473139718, 0.06045080745043707, 0.08681253085103124, 0.0692149495004335, 0.053183952990205174, 0.03276252354287923, 0.0410452625885771, 0.05219184259191367, 0.07670983431043243, 0.059304883849950585, 0.05980757558983285, 0.011725609212918098, 0.04978347139561201, 0.07437746470601869, 0.08717477134167773, 0.08594007273083148, 0.037433360362450596, 0.06264002753156639, 0.05094637947458169, 0.028578431500156487, 0.015205388451619228, 0.029193327662250912, 0.05510000085096767, 0.06466250863035805, 0.061874664692196824, 0.03400893937061378, 0.01444264758523861, 0.047123677491022864, 0.05368214666089566, 0.06583902170533751, 0.0606182379446456, 0.02914334081663794, 0.025530221601875347, 0.013768180905826544, 0.03724756951423647, 0.006839989825095039, 0.07458986541851775, 0.017762171921699377, 0.049206466288065354, 0.08192524204375307, 0.06940109330906807, 0.06795877569521869, 0.0716571983268941, 0.03094122180871972, 0.025781389190862924, 0.018688374350806836, 0.040442494970584164, 0.10353798172754436, 0.08869117455991882, 0.012716883824817504, 0.011769662995496422, 0.009591355007438462, 0.06391491265309979, 0.05649502137491469, 0.04204507680310865, 0.07038295133952488, 0.03442175220091892, 0.022225323882449466, 0.025727140936575577, 0.017067141468475544, 0.06581620180691283, 0.01170279113781203, 0.006615538530017062, 0.03400722742110096, 0.050808800499110074, 0.010332132354392343, 0.05615829942419914, 0.053484714847173986, 0.023468903969418697, 0.036113979896652104, 0.09275108548945443]
------FFMI-----------
[0.3527638006016637, 0.2374959067006975, 0.2919030845438161, 0.5370158818456304, 0.43057815375264435, 0.040610846655449055, 0.3756286276062647, 0.5336740889012739, 0.45335284615060784, 0.47425858648262675, 0.35383414405410807, 0.507252267040422, 0.4075795649274543, 0.24985328834499157, 0.5135002646924504, 0.38463431003585075, 0.14665149332375044, 0.5898557896509091, 0.2967523980312024, 0.4215200223686846, 0.30090910420996925, 0.3786943727058736, 0.4968106560872876, 0.5345182837320127, 0.41718283644444254, 0.4870245214792157, 0.5556112861225712, 0.45135731133364243, 0.326744329615093, 0.39692106639289304, 0.4841724711202046, 0.15064180870870184, 0.33666194292423046, 0.33449813111014776, 0.46307114992466464, 0.41709111007439637, 0.3841364886730895, 0.19791474355889246, 0.4398115848062078, 0.43788366446751975, 0.41329714261952255, 0.4332452196385276, 0.33273708486993037, 0.249438260343484, 0.422488178570581, 0.43678517968218894, 0.39634700794233196, 0.28345621327610343, 0.4741309126407936, 0.4797394665078302, 0.33718469924187894, 0.3243728664824652, 0.515650066045758, 0.4858900734799452, 0.3477791904168992, 0.3639685816167827, 0.34951346349261636, 0.5912191667704969, 0.32894552019932677, 0.293001213244611, 0.45940976378514004, 0.32785708266158275, 0.42581479791779764, 0.1895156736105715, 0.5141308029462967, 0.4515110560671599, 0.2733939994881389, 0.059761277081252034, 0.3987677311461465, 0.4399218008628592, 0.38906226756427886, 0.4898591084780354, 0.4635163499380673, 0.463705806944998, 0.45034399530915037, 0.3633709978606256, 0.10460708564278866, 0.5075743508629819, 0.45882345021039145, 0.4354939945933165, 0.485770325352199, 0.46598879065169224, 0.5303252412260506, 0.40562640294056107, 0.3399955976134187, 0.5787686660651641, 0.5024197733045708, 0.36542436812420304, 0.2857412975837979, 0.43171303503358066, 0.5466811413534893, 0.26794162558608764, 0.38400264537905443, 0.43855984608991044, 0.31102212052500394, 0.20273624759245218, 0.32869778642107667, 0.27748152472238224, 0.5319451370057026, 0.4868025739502936, 0.5298420483157658, 0.4395747074496008, 0.33541928969529106, 0.45487522040582445, 0.48514846807747414, 0.4071995215021089, 0.3942637512291287, 0.18107985341220184, 0.4836421362127175, 0.5112722887401904, 0.42614622943326547, 0.3728904457168821, 0.5331212082414707, 0.5792889081918777, 0.5604229752861198, 0.5233235653747217, 0.31254042082230526, 0.5021452448812876, 0.5102853649963487, 0.6238988027774949, 0.46896914324276145, 0.48109396713338837, 0.4350721942694526, 0.40514083681280183, 0.348418360248222, 0.2909774486118417, 0.26855436461277127, 0.4488897331476994, 0.4697612824048663, 0.3163546054134872, 0.412672431766694, 0.2581709291692617, 0.2845535831734577, 0.27529809421206164, 0.34550723936078737, 0.5672570386230738, 0.3575229283626896, 0.4510131980797769, 0.35709741125109357, 0.4869759833475685, 0.32293899139020404, 0.3320098572391613, 0.44234959410010544, 0.5563743302651564, 0.6107596879804976, 0.06888581945821246, 0.08707187569135419, 0.07251768744635495, 0.375234179615721, 0.37523373871819715, 0.4355375404131855, 0.42585217599909087, 0.4185917162511378, 0.4229470662321486, 0.4391404361270793, 0.2965096653803099, 0.43483881025170995, 0.11328369045441337, 0.3114436620290347, 0.41598971259084166, 0.35103369257771966, 0.3001480083911022, 0.29513924415813275, 0.2594635293528659, 0.17734542547238658, 0.25240013614075485, 0.2436370916408401]

 ----Cluster Analysis----
cluster number :2
silhouette_avg :0.5842294809676837
cluster_labels : 
[0, 0, 0, 1, 1, 0, 1, 1, 1, 1, 0, 1, 1, 0, 1, 1, 0, 1, 0, 1, 0, 1, 1, 1, 1, 1, 1, 1, 0, 1, 1, 0, 0, 0, 1, 1, 1, 0, 1, 1, 1, 1, 0, 0, 1, 1, 1, 0, 1, 1, 0, 0, 1, 1, 0, 0, 0, 1, 0, 0, 1, 0, 1, 0, 1, 1, 0, 0, 1, 1, 1, 1, 1, 1, 1, 0, 0, 1, 1, 1, 1, 1, 1, 1, 0, 1, 1, 0, 0, 1, 1, 0, 1, 1, 0, 0, 0, 0, 1, 1, 1, 1, 0, 1, 1, 1, 1, 0, 1, 1, 1, 1, 1, 1, 1, 1, 0, 1, 1, 1, 1, 1, 1, 1, 0, 0, 0, 1, 1, 0, 1, 0, 0, 0, 0, 1, 0, 1, 0, 1, 0, 0, 1, 1, 1, 0, 0, 0, 1, 1, 1, 1, 1, 1, 1, 0, 1, 0, 0, 1, 0, 0, 0, 0, 0, 0, 0]cluster_centers : 
[[0.27182578341285624, 0.0], [0.46609410059307865, 0.0]]
------No of feature after FFMI-----------
66
 ----Cluster Analysis----
cluster number :2
silhouette_avg :0.9402811231870788
cluster_labels : 
[1, 0, 0, 0, 0, 0, 0, 0, 0, 0, 0, 0, 0, 0, 0, 0, 0, 0, 0, 0, 0, 0, 0, 0, 0, 0, 0, 0, 0, 0, 0, 0, 0, 0, 0, 0, 0, 0, 0, 0, 0, 0, 0, 0, 0, 0, 0, 0, 0, 0, 0, 0, 0, 0, 0, 0, 0, 0, 0, 0, 0, 0, 0, 0, 0, 0, 0, 0, 0, 0, 0, 0, 0, 0, 0, 0, 0, 0, 0, 0, 0, 0, 0, 0, 0, 0, 0, 0, 0, 0, 0, 0, 0, 0, 0, 0, 0, 0, 0, 0, 0, 0, 0, 0, 0, 0, 0, 0, 0, 0, 0, 0, 0, 0, 0, 0, 0, 0, 0, 0, 0, 0, 0, 0, 0, 0, 0, 0, 0, 0, 0, 0, 0, 0, 0, 0, 0, 0, 0, 0, 0, 0, 0, 0, 0, 0, 0, 0, 0, 0, 0, 0, 0, 0, 0, 0, 0, 0, 0, 0, 0, 0, 0, 0, 0, 0, 0]cluster_centers : 
[[0.04501538557976888, 0.0], [0.5263415037075156, 0.0]]
------No of feature after FCMI-----------
1

----Client : 3----

 fcmi cluster:2

 affmi cluster:2
------FCMI-----------
[0.5161347328578225, 0.023908903498145673, 0.03462813076568816, 0.08478588694562372, 0.05703741540505458, 0.0015116628592392045, 0.022728911562954313, 0.05226021619062937, 0.04623264527251836, 0.03436592315460896, 0.00971729661997145, 0.07352645109087996, 0.05611739845072705, 0.03064152819640409, 0.08731932646610652, 0.07650440266453096, 0.0222767899368006, 0.0896238543393002, 0.027389680518828285, 0.05835348025591669, 0.025459063254761105, 0.03512456664310548, 0.025689394965835444, 0.04753549005888935, 0.022574328655032172, 0.028012808679989565, 0.03897805944112598, 0.03830235423241213, 0.028604576622684785, 0.04119016974435974, 0.02538213676234946, 0.03761234843579686, 0.02969132542733366, 0.0334759847201096, 0.02276059647484141, 0.04082061142824278, 0.0662091631142987, 0.034437946510986084, 0.020048197900008446, 0.037113073353296944, 0.022887946768439082, 0.05749554023187464, 0.04041383461129833, 0.014915879271910182, 0.07539679957438095, 0.07032823906750352, 0.03431456382983278, 0.029807374077275295, 0.018470749590749236, 0.056882187331340095, 0.010717732712485883, 0.02047701914169542, 0.022932858656482313, 0.029799590159368616, 0.028331070233288624, 0.02102401235988527, 0.018809025796995726, 0.05388598129653399, 0.050537629568383036, 0.044774256106130395, 0.016140481174588217, 0.04114221733212586, 0.06192188694381873, 0.03622613629976712, 0.048859412820597914, 0.05971764812490932, 0.028264996508108098, 0.010339745992300031, 0.05189626122671642, 0.03482872678253246, 0.0463145663551372, 0.07549745109847139, 0.053859799448136236, 0.04101166883312368, 0.04060134174792118, 0.03287537614575964, 0.013497289554772474, 0.03389952039827904, 0.07165664842184682, 0.0849586080740381, 0.06451307660275818, 0.02929824732007802, 0.028218081591087074, 0.027781856968593477, 0.04580862125460472, 0.030815455847613027, 0.03029434533947306, 0.08362189892792005, 0.015829016108385385, 0.05185762732357979, 0.025836688897759696, 0.05658396219071049, 0.04621934232362568, 0.04685734746013859, 0.01253384966621729, 0.06211286553701356, 0.05209672403373222, 0.05723981254328114, 0.0741378154502379, 0.1086181195341589, 0.04675786100872825, 0.0561445057387675, 0.05594988054708949, 0.05262531916654822, 0.07026664674653915, 0.07935168066215859, 0.08397037698001197, 0.01742643999335547, 0.047443914626878136, 0.06688078598501557, 0.1081740026747906, 0.07356819952936577, 0.036891246778361975, 0.03236304507143517, 0.031237284650670105, 0.02887516549366609, 0.01630446905614047, 0.0352277992540273, 0.0283836856447639, 0.05390929881443185, 0.04447465848469134, 0.034444533170654434, 0.023483061718560183, 0.044782358700117264, 0.0570461025138731, 0.06114234386326167, 0.06103071193994092, 0.024942118056113127, 0.025003262022026185, 0.015154745999143682, 0.039184675468361796, 0.012042989618673339, 0.0690143471731064, 0.020514404247912843, 0.04137208079929611, 0.08680486680342137, 0.06717046642124025, 0.08922565798632842, 0.06265975245862831, 0.027406856469511798, 0.010701899731627051, 0.029386233176370347, 0.04148648888728523, 0.0709318332834541, 0.07899168486147534, 0.007820401284735934, 0.015096484101914553, 0.007405842545491703, 0.06962501684953093, 0.06554200282265477, 0.0355936185734147, 0.056404656525228525, 0.04008179067528417, 0.034230404495762645, 0.0355730784551076, 0.015222899338854567, 0.07533891443437568, 0.013820852811344153, 0.015494078604237682, 0.021070386478414083, 0.05727394579541745, 0.012684946484731174, 0.0419812428402655, 0.06281603218330245, 0.017714180804262902, 0.041494124251611364, 0.08096719517274531]
------FFMI-----------
[0.38360653736052264, 0.2454403019294301, 0.3201797037766583, 0.5267396008885233, 0.4219044463125615, 0.04345071085930911, 0.36442000482822334, 0.5472208593624251, 0.5003290733555538, 0.4853560553846282, 0.3726940789908766, 0.5336749542923732, 0.40991093119383637, 0.22813200711591333, 0.5011564838662345, 0.40813067250615065, 0.1891794986857529, 0.5894771827352075, 0.2937610327758942, 0.4444453821920204, 0.33795298285536957, 0.3939328949309886, 0.4959604631045961, 0.5483236058092579, 0.43745038231059785, 0.4766919855923064, 0.5722982298556193, 0.4636190482802708, 0.31844019206102514, 0.41540055697242356, 0.48853246031282777, 0.14526009893243305, 0.33470046665670694, 0.3546750482245521, 0.4993935213700072, 0.4771016609281526, 0.4035865414220733, 0.20238480760915017, 0.4579935056443809, 0.4390842025890214, 0.41236769314836863, 0.43304056793916, 0.3637441169292678, 0.2812040171096892, 0.44509147316429826, 0.4818309924205491, 0.42680245640765013, 0.29964955383545205, 0.48588503174675296, 0.5163708505205372, 0.3397870881281206, 0.3185767087522159, 0.5323404004125228, 0.48432037096610664, 0.3810276121324406, 0.3631157694814318, 0.36452908564803976, 0.610720103313205, 0.34009254832192004, 0.2972933082900314, 0.4725490729529952, 0.289256350307025, 0.4372645297680288, 0.2103730435024088, 0.5374208198368803, 0.4232900250708243, 0.26646568266175097, 0.052145264477467854, 0.4310257273443699, 0.4529944113916647, 0.40867699221826675, 0.4732325484416661, 0.4800628621246353, 0.49922628991847845, 0.4650711671199691, 0.39335649519181537, 0.07913105663691418, 0.5212104009977493, 0.4776896863669959, 0.41694178240368956, 0.5045729558841249, 0.49429585829202455, 0.5396250600032746, 0.42100303752631457, 0.3476422652382063, 0.5797286505930752, 0.5135344827609881, 0.3871244249046492, 0.2782734808500544, 0.4357567145436662, 0.5621536377818315, 0.28699575729872634, 0.41096156144007134, 0.438955393558267, 0.334963256831906, 0.21387630292176907, 0.33181850281621406, 0.2802649468322646, 0.5625061869376665, 0.49751493510221034, 0.546485013365543, 0.4692572980267458, 0.3553589946860723, 0.47162295332760007, 0.5129112819245999, 0.4090034433244784, 0.46740617102792453, 0.20238183872956086, 0.5006122097121448, 0.5274446176350998, 0.44821817411454484, 0.38290874744366765, 0.5417210376171631, 0.5762249249617996, 0.5685001506578119, 0.5530719229589415, 0.33767338744075315, 0.5232769125990233, 0.5188335158833052, 0.6448445012205264, 0.45696341527329826, 0.4767603068374369, 0.42631235657123884, 0.4292128196849943, 0.34215182483249945, 0.29966619294475805, 0.28739536746735317, 0.46475081042802735, 0.4612712549908911, 0.36175894232659417, 0.3885530549302158, 0.2489015706910417, 0.29627025477598057, 0.2792694702912164, 0.3590318274692584, 0.5751442574517373, 0.36397580049218003, 0.4732640059702228, 0.3446568219861465, 0.49382886568372203, 0.29647570410788493, 0.3359064316652002, 0.462603879915238, 0.5668909069049736, 0.5926998414045639, 0.05850613041270458, 0.0853654967309298, 0.07035733141081583, 0.40070902366484135, 0.39482717000384765, 0.4381314702296179, 0.4796387212939089, 0.43631733426585306, 0.4428594708223032, 0.47615269113666964, 0.2953347558076954, 0.42139066066048986, 0.11518140284407201, 0.3222254297344157, 0.4300274500732427, 0.3742729756349061, 0.3011587152497732, 0.33873738116994273, 0.2750776610035455, 0.20857974390572162, 0.28179722667849344, 0.25524728785530143]

 ----Cluster Analysis----
cluster number :2
silhouette_avg :0.5915410940243454
cluster_labels : 
[1, 0, 0, 1, 1, 0, 0, 1, 1, 1, 0, 1, 1, 0, 1, 1, 0, 1, 0, 1, 0, 1, 1, 1, 1, 1, 1, 1, 0, 1, 1, 0, 0, 0, 1, 1, 1, 0, 1, 1, 1, 1, 0, 0, 1, 1, 1, 0, 1, 1, 0, 0, 1, 1, 1, 0, 0, 1, 0, 0, 1, 0, 1, 0, 1, 1, 0, 0, 1, 1, 1, 1, 1, 1, 1, 1, 0, 1, 1, 1, 1, 1, 1, 1, 0, 1, 1, 1, 0, 1, 1, 0, 1, 1, 0, 0, 0, 0, 1, 1, 1, 1, 0, 1, 1, 1, 1, 0, 1, 1, 1, 1, 1, 1, 1, 1, 0, 1, 1, 1, 1, 1, 1, 1, 0, 0, 0, 1, 1, 0, 1, 0, 0, 0, 0, 1, 0, 1, 0, 1, 0, 0, 1, 1, 1, 0, 0, 0, 1, 1, 1, 1, 1, 1, 1, 0, 1, 0, 0, 1, 0, 0, 0, 0, 0, 0, 0]cluster_centers : 
[[0.27591404778598394, 0.0], [0.47711074178094803, 0.0]]
------No of feature after FFMI-----------
63
 ----Cluster Analysis----
cluster number :2
silhouette_avg :0.9405284314875276
cluster_labels : 
[1, 0, 0, 0, 0, 0, 0, 0, 0, 0, 0, 0, 0, 0, 0, 0, 0, 0, 0, 0, 0, 0, 0, 0, 0, 0, 0, 0, 0, 0, 0, 0, 0, 0, 0, 0, 0, 0, 0, 0, 0, 0, 0, 0, 0, 0, 0, 0, 0, 0, 0, 0, 0, 0, 0, 0, 0, 0, 0, 0, 0, 0, 0, 0, 0, 0, 0, 0, 0, 0, 0, 0, 0, 0, 0, 0, 0, 0, 0, 0, 0, 0, 0, 0, 0, 0, 0, 0, 0, 0, 0, 0, 0, 0, 0, 0, 0, 0, 0, 0, 0, 0, 0, 0, 0, 0, 0, 0, 0, 0, 0, 0, 0, 0, 0, 0, 0, 0, 0, 0, 0, 0, 0, 0, 0, 0, 0, 0, 0, 0, 0, 0, 0, 0, 0, 0, 0, 0, 0, 0, 0, 0, 0, 0, 0, 0, 0, 0, 0, 0, 0, 0, 0, 0, 0, 0, 0, 0, 0, 0, 0, 0, 0, 0, 0, 0, 0]cluster_centers : 
[[0.042815305825395576, 0.0], [0.5161347328578225, 0.0]]
------No of feature after FCMI-----------
1

----Client : 4----

 fcmi cluster:2

 affmi cluster:2
------FCMI-----------
[0.5068814224631497, 0.04221562550487956, 0.022095444814204335, 0.07778991045306594, 0.06806595296224094, 0.0016555772992303819, 0.04559283374609713, 0.050123488378389425, 0.043774795625000085, 0.0384112150653948, 0.012592904100040325, 0.06383483075101548, 0.05522256400662817, 0.029383238385895183, 0.07531760763890016, 0.07122934279922122, 0.02092048992973483, 0.07461475881085455, 0.03321510764821323, 0.045561953480933504, 0.033329141071196666, 0.03566311199359795, 0.040702827426614796, 0.045532166940045915, 0.02147070598795553, 0.04592375964367257, 0.049022864882336314, 0.031422643805385064, 0.025313696134415142, 0.046406376250448744, 0.030627679445875078, 0.027907171811969667, 0.02170455804078264, 0.039768231848719804, 0.029215049208067168, 0.046150115708852635, 0.0996762539543119, 0.032392683682161305, 0.020179109128108053, 0.030707289039758834, 0.023821287775195543, 0.04213092579508837, 0.03922731496622944, 0.015569668664086933, 0.0484729149308305, 0.07275783230375321, 0.03611280015994911, 0.038183621285285074, 0.038355577490077675, 0.047096053047944064, 0.014116654801113349, 0.02955880576340464, 0.040530798408601854, 0.03581896834512266, 0.02652854124218962, 0.029611515264118093, 0.030712489475856586, 0.04585929957601609, 0.03346337628649598, 0.04229707015296569, 0.013473078969347352, 0.0437246659035182, 0.029243377584675212, 0.03782392099138754, 0.07214275216641575, 0.062113747320736046, 0.04964219848388618, 0.01119231430889367, 0.0584291014629601, 0.033921094943504926, 0.03861078910636451, 0.06308286550800224, 0.032867782789279154, 0.029408715807196284, 0.04293583134174517, 0.040032710243408154, 0.015006644137699032, 0.05014500834352065, 0.05857462667523938, 0.06440566183858332, 0.05890757221378218, 0.03424220573393377, 0.04488726548283539, 0.033945468469332774, 0.05768561430785768, 0.0261872495348201, 0.04546967844130112, 0.05280709451996879, 0.014989273013681803, 0.05332856599517832, 0.033903491655428386, 0.0415258784994208, 0.0683349629028589, 0.04760088262721762, 0.012720337498835832, 0.10569707278381113, 0.06589188891773823, 0.05454132036018411, 0.07238745146368863, 0.05803668623011138, 0.03764910061998039, 0.03265812629799614, 0.05906908430535385, 0.06123761168043096, 0.05771608495212943, 0.06646093238955686, 0.056528193391873316, 0.02908349568839208, 0.05242836403470097, 0.0663408349768777, 0.07722080383549823, 0.06874754315495313, 0.04276385538917671, 0.04227846345369235, 0.04864161427888547, 0.02779393391359486, 0.013516359688557689, 0.045682067383972846, 0.04248401112149658, 0.05035993102723779, 0.02733162403132372, 0.035190812545459416, 0.0341856154747866, 0.03849870753940854, 0.06253222133719305, 0.0585214832326022, 0.09323264688428878, 0.025848433155870154, 0.025398677417442617, 0.015456775667269884, 0.03720317360484815, 0.014181780688099277, 0.061089916087607055, 0.01644278139397448, 0.047510927682067106, 0.06409903957387408, 0.05111398613657503, 0.06117843307036619, 0.05502106920158356, 0.033770770551821094, 0.024430392212443586, 0.028276864105516886, 0.02443935286528154, 0.07148884992801685, 0.06879187069649939, 0.006938166829467685, 0.0204171127383721, 0.009267548288088845, 0.0465351029412342, 0.04326848941325201, 0.030404475527301855, 0.0802905784624568, 0.04801574340550108, 0.042029985467407105, 0.02380532077622277, 0.01167098516188414, 0.055689955108582545, 0.013883119609858996, 0.007874596066707262, 0.029198330407468553, 0.04534054667848686, 0.010743963329167716, 0.05899201867637016, 0.06338291850292332, 0.028787598385431767, 0.04989063212373779, 0.07150372424822837]
------FFMI-----------
[0.3629496779216372, 0.25647160037245015, 0.3167833846515528, 0.5587136533644721, 0.4365689992277727, 0.030130840743177047, 0.4011734166947933, 0.5440405002522838, 0.48301263632475916, 0.4982058853744304, 0.36477527990233793, 0.5266403547342884, 0.3985454751338869, 0.24856907711240644, 0.5441167684856737, 0.3950984792282573, 0.14803168446295548, 0.5957715645612286, 0.29000600770792945, 0.4519720210793397, 0.32605092495185206, 0.38761745100394807, 0.5182364464790312, 0.5444224590885112, 0.44687933647728084, 0.49632723800220535, 0.5530699075596505, 0.45831414916334207, 0.32749101015238957, 0.4262941849869731, 0.4943980041788002, 0.14193577016146386, 0.33231913543056796, 0.3803055519971186, 0.47776779810335085, 0.5000658191617714, 0.38270582419413096, 0.20158945342914142, 0.4568268550348986, 0.45100439768053, 0.40983835586770023, 0.45293218894157344, 0.35549703447849823, 0.2806065070604994, 0.4245912008171144, 0.44388086706561414, 0.42527768165424185, 0.2911872934172717, 0.4384139149763304, 0.4957004855542165, 0.35453093483828363, 0.3073392654987205, 0.5355081716219007, 0.4928271572884016, 0.3710696845436961, 0.3640215685436219, 0.3798512391045218, 0.609460734251057, 0.3410734783073514, 0.31798239814585016, 0.4638153931287106, 0.3131340620743356, 0.4381881736458348, 0.2155368452468448, 0.5351128869599181, 0.4478478299751976, 0.31889321638213824, 0.049628989282560806, 0.4345704957693715, 0.4729171493954218, 0.39014588520397675, 0.5089051310043093, 0.47181639288828386, 0.4626175593631106, 0.4554772338997062, 0.38723753187380733, 0.06899274230025396, 0.5438555747934753, 0.4551753868906865, 0.4074556358386418, 0.49447020853983514, 0.4817981343441113, 0.5485800438666862, 0.41597985070514565, 0.34599018941835524, 0.5805828560812512, 0.514547161504576, 0.3759288792582012, 0.29404842003769904, 0.4421846776768522, 0.5772581751358268, 0.2818708509198643, 0.41221803400653106, 0.4585321549798009, 0.32508097048948154, 0.24250461305574755, 0.33873583229265053, 0.2833595227875583, 0.5624486649018522, 0.49215078998132017, 0.5592305313009529, 0.46456567312122454, 0.3583845998235302, 0.4638952160486098, 0.5115622517699722, 0.3907489668270833, 0.40988903137053107, 0.18662326681516941, 0.5062192279953612, 0.5339017352334998, 0.4145445106370722, 0.3701561410499733, 0.5393451818956626, 0.5742707948319387, 0.5844148691973882, 0.5342118910507625, 0.3298675266751699, 0.5323348617197714, 0.5365052795410177, 0.6324887739661578, 0.4786116099133176, 0.46293440709616107, 0.41937565048916553, 0.4205337754913058, 0.39330696331051956, 0.2847755747567533, 0.2517574433537084, 0.48470485348474057, 0.471809470322323, 0.35369643281566654, 0.4156279234440701, 0.29544534030444797, 0.29192971237425736, 0.24256159460704144, 0.33787213347591954, 0.5375051284123131, 0.36886520631945185, 0.4638979724563396, 0.3713421417110193, 0.49522118451509956, 0.3200222774783189, 0.32932322867091957, 0.4460441184407619, 0.5940254281212448, 0.6286617580778615, 0.05906636227088898, 0.09354374948276976, 0.06869738062198295, 0.369129764537349, 0.3925781124104476, 0.43976587695044, 0.47859416163597296, 0.4386785396976922, 0.45547008851815257, 0.4592675935873571, 0.3171819277877804, 0.43737490646634747, 0.1126099498346999, 0.32100385563812345, 0.42440089270041204, 0.3857402598743172, 0.3076160045190824, 0.3374878418973869, 0.2537652075191092, 0.16090904668509137, 0.27170137410990564, 0.26515636997398456]

 ----Cluster Analysis----
cluster number :2
silhouette_avg :0.5677460613787992
cluster_labels : 
[1, 1, 1, 0, 0, 1, 0, 0, 0, 0, 1, 0, 0, 1, 0, 0, 1, 0, 1, 0, 1, 0, 0, 0, 0, 0, 0, 0, 1, 0, 0, 1, 1, 0, 0, 0, 0, 1, 0, 0, 0, 0, 1, 1, 0, 0, 0, 1, 0, 0, 1, 1, 0, 0, 1, 1, 0, 0, 1, 1, 0, 1, 0, 1, 0, 0, 1, 1, 0, 0, 0, 0, 0, 0, 0, 0, 1, 0, 0, 0, 0, 0, 0, 0, 1, 0, 0, 1, 1, 0, 0, 1, 0, 0, 1, 1, 1, 1, 0, 0, 0, 0, 1, 0, 0, 0, 0, 1, 0, 0, 0, 1, 0, 0, 0, 0, 1, 0, 0, 0, 0, 0, 0, 0, 0, 1, 1, 0, 0, 1, 0, 1, 1, 1, 1, 0, 1, 0, 1, 0, 1, 1, 0, 0, 0, 1, 1, 1, 1, 0, 0, 0, 0, 0, 0, 1, 0, 1, 1, 0, 0, 1, 1, 1, 1, 1, 1]cluster_centers : 
[[0.4767742851826251, 0.0], [0.27642235873791826, 0.0]]
------No of feature after FFMI-----------
63
 ----Cluster Analysis----
cluster number :2
silhouette_avg :0.9471407720086594
cluster_labels : 
[1, 0, 0, 0, 0, 0, 0, 0, 0, 0, 0, 0, 0, 0, 0, 0, 0, 0, 0, 0, 0, 0, 0, 0, 0, 0, 0, 0, 0, 0, 0, 0, 0, 0, 0, 0, 0, 0, 0, 0, 0, 0, 0, 0, 0, 0, 0, 0, 0, 0, 0, 0, 0, 0, 0, 0, 0, 0, 0, 0, 0, 0, 0, 0, 0, 0, 0, 0, 0, 0, 0, 0, 0, 0, 0, 0, 0, 0, 0, 0, 0, 0, 0, 0, 0, 0, 0, 0, 0, 0, 0, 0, 0, 0, 0, 0, 0, 0, 0, 0, 0, 0, 0, 0, 0, 0, 0, 0, 0, 0, 0, 0, 0, 0, 0, 0, 0, 0, 0, 0, 0, 0, 0, 0, 0, 0, 0, 0, 0, 0, 0, 0, 0, 0, 0, 0, 0, 0, 0, 0, 0, 0, 0, 0, 0, 0, 0, 0, 0, 0, 0, 0, 0, 0, 0, 0, 0, 0, 0, 0, 0, 0, 0, 0, 0, 0, 0]cluster_centers : 
[[0.04238947572610612, 0.0], [0.5068814224631497, 0.0]]
------No of feature after FCMI-----------
1

----Client : 5----

 fcmi cluster:2

 affmi cluster:2
------FCMI-----------
[0.5243620836063889, 0.023632377793367354, 0.031874873895488154, 0.09446535240097642, 0.06655234243662544, 0.0028992307177071464, 0.04592724864329867, 0.046443301087493616, 0.0945783158902529, 0.04281026752995043, 0.007144861077734266, 0.07865352938245929, 0.05628066811447008, 0.05818284903926951, 0.09756563399347362, 0.09138783459429378, 0.025339993431681584, 0.09348065561845331, 0.03946615132028075, 0.06911786516263874, 0.04133148808918641, 0.019761752133022448, 0.04027433149000714, 0.06016196299039356, 0.029814358073611658, 0.04488223013555359, 0.05485005180359792, 0.03498399130690988, 0.02832687158470515, 0.03544105969251765, 0.04227542528513739, 0.03483456443929911, 0.017785748605838148, 0.03527554970309499, 0.03638497051273726, 0.04072583336005886, 0.0830078108583141, 0.03580319244441599, 0.03522128608597486, 0.02409088457213171, 0.021986592013740314, 0.05037097831252968, 0.039467532922923265, 0.013135170463519419, 0.09299903960517852, 0.09971617310590508, 0.04814267306746833, 0.032515535981544996, 0.034803473514295025, 0.07290271914408608, 0.01449484262071321, 0.02568283536087934, 0.03847824833347513, 0.041286705903801124, 0.049094280610865404, 0.02271010492075387, 0.025442680970834353, 0.0487275555315807, 0.039964920708000395, 0.03277329283023711, 0.028038461535975223, 0.033620532941728065, 0.05266392528547659, 0.04037892000468801, 0.0860740629783443, 0.060352788596138573, 0.037083242802585126, 0.006950395363720663, 0.05900174237786704, 0.02210007884318088, 0.04301078016054438, 0.07769184718439304, 0.05358847103157949, 0.04088234993115458, 0.07405533790922725, 0.06197977170806768, 0.011610201642661355, 0.04334671203362106, 0.09016927327336921, 0.07141526081896687, 0.084828840349493, 0.032268577880201654, 0.05313406729807868, 0.023373019067235656, 0.04467342233201288, 0.03623906937370114, 0.04512161242979662, 0.05593469200961154, 0.03162486902161854, 0.04414082490973037, 0.03642537621996267, 0.0719114167798156, 0.0632297935729933, 0.04481610216150678, 0.010524990454328531, 0.06993270133571405, 0.050751025444423004, 0.06270217583585991, 0.07569810513867736, 0.08635376503090253, 0.05425668180652954, 0.04873098748478055, 0.04774867036198449, 0.08064932564251359, 0.09783735913861902, 0.09107582180642915, 0.0802881765195953, 0.01587351426236916, 0.048391595811533517, 0.07235812160406718, 0.10680244636746039, 0.09305402295191634, 0.04999554528634098, 0.05304399654226266, 0.04948468549314056, 0.02626226472884241, 0.012667206001521158, 0.03955202336825847, 0.04354495384058099, 0.0449441961573398, 0.04295595218600701, 0.06710406444599348, 0.020426507417963702, 0.04262081307736931, 0.07053579088204565, 0.06640771354251562, 0.0755562446799094, 0.027295013077227814, 0.0364392493677137, 0.015523776340294226, 0.0384879307597874, 0.012656885545694774, 0.0788933381473984, 0.020811453301210037, 0.050638840463467005, 0.06961507817839285, 0.06729053261228213, 0.0840328391729881, 0.052612124287080064, 0.030619376402447607, 0.018411537379715792, 0.016934648786457007, 0.036503655519329214, 0.06952218136250199, 0.08841405451052697, 0.009524868668395525, 0.020141227670974926, 0.011829036475143218, 0.06545833668496703, 0.05328433918593278, 0.031252473808580206, 0.0877383438449364, 0.03889928700060841, 0.041465033471745016, 0.030787049570113467, 0.01161411301866666, 0.06248486039718726, 0.015146875869289866, 0.008719960664930415, 0.04063995270904641, 0.06831817521565853, 0.010093948618758564, 0.07074225887247731, 0.0683795387983932, 0.020142449820515607, 0.04963701779927554, 0.06200940167419322]
------FFMI-----------
[0.3930486036826256, 0.23000780439617144, 0.3186870498809986, 0.5516681615586402, 0.43534365103936196, 0.04562798050497566, 0.39455112718859114, 0.5558570300824445, 0.5344338820206934, 0.5007969928364325, 0.3553699989416494, 0.542792933442928, 0.4036686430827493, 0.24872033455146436, 0.550315271975522, 0.41360259028853247, 0.14780071538124429, 0.5983946077838649, 0.3190954360704098, 0.4618909132835188, 0.35377122046002796, 0.38234931427903734, 0.5169584529031698, 0.5490870686027072, 0.43659370091779365, 0.4831061246913816, 0.5708840970292177, 0.45145492987819985, 0.35064117651110677, 0.43139665940315775, 0.5008872345625434, 0.15691442114530624, 0.3233454996851369, 0.31481920136823904, 0.480724292971692, 0.42553799497725836, 0.37558900086648866, 0.197178938578903, 0.48194558661038783, 0.4421385148102782, 0.4180603720233571, 0.4407953835246899, 0.3545543407746046, 0.2805113686985858, 0.5002360681008673, 0.4758939517913098, 0.439514473036704, 0.29110403245030475, 0.4826867175152322, 0.5010820856179111, 0.3374687168206187, 0.33779816660266787, 0.5421842382212116, 0.5005780336558211, 0.3931726031960171, 0.3603852012526951, 0.3479397100047506, 0.5939948952156244, 0.32012658646106235, 0.3045200458311818, 0.4861231827685305, 0.3093168571238438, 0.43519344953988987, 0.19102635540261576, 0.5649419048115634, 0.43025583047738003, 0.2887593672422036, 0.04452298582639552, 0.45162246231849423, 0.4452930133594207, 0.39215208604569557, 0.4896190882352236, 0.47427914305179797, 0.4867906417511745, 0.5034338998730241, 0.41048496566955894, 0.11050176055997037, 0.5401448363976866, 0.487079795620802, 0.4052464279577578, 0.518045005235953, 0.5032247502492083, 0.5554282048629668, 0.4288500409734604, 0.3289051367599291, 0.5822042784158568, 0.51647584353736, 0.4055428221533006, 0.2787979694324901, 0.43309706344935867, 0.590446227138286, 0.29698916858214186, 0.42196396493834537, 0.42119168353380365, 0.34328623537484415, 0.21289183387788796, 0.3186005373243815, 0.299660421102067, 0.5480332213479917, 0.4920954445855246, 0.5745403272518589, 0.46062023631300114, 0.3457317522098283, 0.48350305054612197, 0.5437170372896493, 0.400873213084478, 0.42813642645517513, 0.19376255720536745, 0.46160476884199514, 0.552552514884948, 0.44783221290851133, 0.39545431842267853, 0.5424499864221963, 0.589224352441758, 0.5949375179115232, 0.5347031412392769, 0.38075531856901534, 0.5279270473476471, 0.5395009685988091, 0.6304861880774818, 0.48473120422228194, 0.49124401035465515, 0.41990374866500635, 0.4229707604722344, 0.4079302426970386, 0.28316266072397966, 0.2856109077742786, 0.49226006917240417, 0.47577774142158125, 0.3434332884634044, 0.4101919981306151, 0.2623901537313657, 0.29400844659338066, 0.27420226344947707, 0.362345803779655, 0.5536045034218393, 0.3789379512749169, 0.4914162015681719, 0.3862640070141139, 0.4913151898519666, 0.32304250027300785, 0.3427160770069018, 0.4849526742511945, 0.5423569984355018, 0.5916195550715171, 0.07476520086468265, 0.10173296485667811, 0.06179794360277556, 0.38884435501214004, 0.408327087248978, 0.4375977842806969, 0.40102896404226934, 0.3963623776329839, 0.4105944975242768, 0.455346455432794, 0.31191414448393007, 0.428160891107446, 0.1021411276143865, 0.3302616717280814, 0.4365359994734052, 0.39392340526679764, 0.29860431017332795, 0.32935242736538783, 0.2949891203855276, 0.20807975590011316, 0.2846172073722446, 0.26731061581979115]

 ----Cluster Analysis----
cluster number :2
silhouette_avg :0.5890129581122685
cluster_labels : 
[1, 0, 0, 1, 1, 0, 1, 1, 1, 1, 0, 1, 1, 0, 1, 1, 0, 1, 0, 1, 0, 1, 1, 1, 1, 1, 1, 1, 0, 1, 1, 0, 0, 0, 1, 1, 1, 0, 1, 1, 1, 1, 0, 0, 1, 1, 1, 0, 1, 1, 0, 0, 1, 1, 1, 0, 0, 1, 0, 0, 1, 0, 1, 0, 1, 1, 0, 0, 1, 1, 1, 1, 1, 1, 1, 1, 0, 1, 1, 1, 1, 1, 1, 1, 0, 1, 1, 1, 0, 1, 1, 0, 1, 1, 0, 0, 0, 0, 1, 1, 1, 1, 0, 1, 1, 1, 1, 0, 1, 1, 1, 1, 1, 1, 1, 1, 1, 1, 1, 1, 1, 1, 1, 1, 1, 0, 0, 1, 1, 0, 1, 0, 0, 0, 0, 1, 1, 1, 1, 1, 0, 0, 1, 1, 1, 0, 0, 0, 1, 1, 1, 1, 1, 1, 1, 0, 1, 0, 0, 1, 1, 0, 0, 0, 0, 0, 0]cluster_centers : 
[[0.2683442013396219, 0.0], [0.4758499343692757, 0.0]]
------No of feature after FFMI-----------
57
 ----Cluster Analysis----
cluster number :2
silhouette_avg :0.9359541119662911
cluster_labels : 
[1, 0, 0, 0, 0, 0, 0, 0, 0, 0, 0, 0, 0, 0, 0, 0, 0, 0, 0, 0, 0, 0, 0, 0, 0, 0, 0, 0, 0, 0, 0, 0, 0, 0, 0, 0, 0, 0, 0, 0, 0, 0, 0, 0, 0, 0, 0, 0, 0, 0, 0, 0, 0, 0, 0, 0, 0, 0, 0, 0, 0, 0, 0, 0, 0, 0, 0, 0, 0, 0, 0, 0, 0, 0, 0, 0, 0, 0, 0, 0, 0, 0, 0, 0, 0, 0, 0, 0, 0, 0, 0, 0, 0, 0, 0, 0, 0, 0, 0, 0, 0, 0, 0, 0, 0, 0, 0, 0, 0, 0, 0, 0, 0, 0, 0, 0, 0, 0, 0, 0, 0, 0, 0, 0, 0, 0, 0, 0, 0, 0, 0, 0, 0, 0, 0, 0, 0, 0, 0, 0, 0, 0, 0, 0, 0, 0, 0, 0, 0, 0, 0, 0, 0, 0, 0, 0, 0, 0, 0, 0, 0, 0, 0, 0, 0, 0, 0]cluster_centers : 
[[0.04782295434186687, 0.0], [0.5243620836063889, 0.0]]
------No of feature after FCMI-----------
1

----Global feature subset----
ID,f126,f132,f95,f166,f111,f87,f125,f138,f163ID,f126,f132,f95,f166,f111,f87,f125,f138,f163
 number of global feature subset :10

----Learning on Global features--------
 Client : 1----

 knn-3 :0.996268656716418

 knn-5 :0.996268656716418

 roc_auc_score :0.9975961538461539

----Learning on Global features--------
 Client : 2----

 knn-3 :0.996268656716418

 knn-5 :1.0

 roc_auc_score :1.0

----Learning on Global features--------
 Client : 3----

 knn-3 :0.996268656716418

 knn-5 :0.9925373134328358

 roc_auc_score :1.0

----Learning on Global features--------
 Client : 4----

 knn-3 :1.0

 knn-5 :1.0

 roc_auc_score :1.0

----Learning on Global features--------
 Client : 5----

 knn-3 :1.0

 knn-5 :1.0

 roc_auc_score :1.0
