
---------command line arguments-----------
 Output file :multi_obj_output_nsl_2_2_iid_5.txt
 Fcmi cluster number :2
 Ffmi cluster number :2
 dataset name :nsl
 dataset type :iid
 number of clients :5
-----------------------------------------
 
----Client : 1----

 fcmi cluster:2

 affmi cluster:2
------FCMI-----------
[0.00464487437322858, 8.878891417796186e-05, 0.00035647099349778166, 3.929589338735884e-05, 0.0102815135600407, 3.591993662499515e-05, 0.006908284469672399, 3.6630421528016655e-05, 0.3946591302914255, 0.0001796196187350274, 0.00010693299712905002, 0.0003098678849908776, 0.0001796196187350274, 0.0005749583138590086, 6.51243940010815e-05, 0.0018264026596748195, 0.0, 0.0, 0.0009771093736636871, 0.3350761959120021, 0.04095676139424831, 0.3770085948355115, 0.3778257663809055, 0.050959430001333406, 0.051473809117790426, 0.49019736786819745, 0.02332368667029483, 0.07858332912714916, 0.15141902638966354, 0.46332159479717516, 0.42087105301300953, 0.022226885815000097, 0.03425443041188725, 0.028416848664134298, 0.3848602176353306, 0.38639233010145024, 0.04830350927900806, 0.06249480207045499]
------FFMI-----------
[0.007026671028429165, 7.399604573268256e-05, 0.00025137392871418655, 0.00012881819762881506, 0.0038609881621156947, 2.927799781293372e-05, 0.00515669655350681, 0.0004185284399321809, 0.09021069650817733, 0.00042005559585589004, 0.0005608453640272912, 0.0005893442501815774, 0.0004282607240610109, 0.0005142736319166156, 0.0001487947251190848, 0.0010492657970768075, 0.0, 0.0, 0.0045133060255890724, 0.11929616114999488, 0.026783277111913674, 0.14391316402341184, 0.139724425861396, 0.061940429332886265, 0.059850555299343675, 0.14762244137097735, 0.02763563950086266, 0.03999894462972821, 0.06818548550968104, 0.1403587699946925, 0.15445254360214938, 0.033596594995521936, 0.04709726467061256, 0.02295495716991255, 0.14439921371606548, 0.14058975566322532, 0.06371861418474688, 0.060688417065629656]

 ----Cluster Analysis----
cluster number :2
silhouette_avg :0.7587946217837669
cluster_labels : 
[0, 0, 0, 0, 0, 0, 0, 0, 1, 0, 0, 0, 0, 0, 0, 0, 0, 0, 0, 1, 0, 1, 1, 0, 0, 1, 0, 0, 0, 1, 1, 0, 0, 0, 1, 1, 0, 0]cluster_centers : 
[[0.01853864399788067, 0.0], [0.13561857465445443, 0.0]]
------No of feature after FFMI-----------
29
 ----Cluster Analysis----
cluster number :2
silhouette_avg :0.8982196587131531
cluster_labels : 
[0, 0, 0, 0, 0, 0, 0, 0, 1, 0, 0, 0, 0, 0, 0, 0, 0, 0, 0, 1, 0, 1, 1, 0, 0, 1, 0, 0, 0, 1, 1, 0, 0, 0, 1, 1, 0, 0]cluster_centers : 
[[0.02134565284013487, 0.0], [0.40335691675944524, 0.0]]
------No of feature after FCMI-----------
9

----Client : 2----

 fcmi cluster:2

 affmi cluster:2
------FCMI-----------
[0.006221931255798729, 0.0022374201078527722, 0.0003854293433203093, 8.826201486178409e-05, 0.00954941936699405, 3.64238188571564e-05, 0.001973682313654912, 0.00020801182521323902, 0.4076124305673354, 0.00047008570925499704, 0.0004070241054361379, 0.0005424367724162771, 0.00047008570925499704, 0.0005224178276221902, 0.0002533544898613016, 0.0016857233149147888, 0.0, 0.0, 0.0015107429943685968, 0.338775297302913, 0.04102457870463527, 0.374566778480657, 0.37651751206849715, 0.052436830293373315, 0.052867329698762955, 0.4943215151047049, 0.02246446304198102, 0.08498734520891538, 0.15363437922151713, 0.46912906677797217, 0.4261413607824891, 0.024660204087686655, 0.03355872868772369, 0.02739205509146947, 0.38488730273012783, 0.387596690022981, 0.0533527126072324, 0.06918605263404665]
------FFMI-----------
[0.008067939821553937, 0.001145004878629624, 0.00016707182092137195, 6.467661531149784e-05, 0.003830951738723003, 0.0001449077030915639, 0.004076982873440755, 0.0005451683025857043, 0.09162468197912199, 0.0010552956078225108, 0.001005709106548262, 0.0009677087064974704, 0.001098603877042175, 0.0006626689035989022, 0.0001907976521879882, 0.0012926510109627985, 0.0, 0.0, 0.004151069094471258, 0.11846839580838214, 0.027692923610461353, 0.1436225839511451, 0.13996929717066417, 0.06303062738270304, 0.06065121553948488, 0.1465076870019624, 0.02624934444418354, 0.03995628715134057, 0.06790705892982311, 0.1412446146208279, 0.15390196110041643, 0.033060732083410066, 0.04581493835782199, 0.022068799946564095, 0.1448920398920748, 0.14075596753705133, 0.06550816992074471, 0.062126188793580825]

 ----Cluster Analysis----
cluster number :2
silhouette_avg :0.7582855200820119
cluster_labels : 
[0, 0, 0, 0, 0, 0, 0, 0, 1, 0, 0, 0, 0, 0, 0, 0, 0, 0, 0, 1, 0, 1, 1, 0, 0, 1, 0, 0, 0, 1, 1, 0, 0, 0, 1, 1, 0, 0]cluster_centers : 
[[0.018708051512879555, 0.0], [0.13566524767351623, 0.0]]
------No of feature after FFMI-----------
29
 ----Cluster Analysis----
cluster number :2
silhouette_avg :0.8942916544778999
cluster_labels : 
[0, 0, 0, 0, 0, 0, 0, 0, 1, 0, 0, 0, 0, 0, 0, 0, 0, 0, 0, 1, 0, 1, 1, 0, 0, 1, 0, 0, 0, 1, 1, 0, 0, 0, 1, 1, 0, 0]cluster_centers : 
[[0.02214231483610432, 0.0], [0.4066164393152975, 0.0]]
------No of feature after FCMI-----------
9

----Client : 3----

 fcmi cluster:2

 affmi cluster:2
------FCMI-----------
[0.006901537823558623, 4.401573275891746e-05, 4.401573275891746e-05, 0.00010033594126623857, 0.009792281256028268, 0.0, 0.0024088887220581334, 0.00015287400823527086, 0.4083488813903715, 0.0002175169881417638, 0.00010580296319817606, 0.00036256869052619933, 0.0002175169881417638, 0.0004362872498124837, 0.00022724141770646966, 0.0021805965632610835, 0.0, 0.0, 0.0009809140025374141, 0.34324459235373883, 0.03879054034372209, 0.37406081759230014, 0.3754386939203336, 0.04722987676757495, 0.04765878090722331, 0.4946378089749768, 0.022106083179881164, 0.0843206110887742, 0.1578392405567599, 0.4638974472431183, 0.4225298078874853, 0.021896016229034698, 0.03565141213001333, 0.02924673390406629, 0.38652809725865445, 0.3884572842808509, 0.04636199327815094, 0.0612913240040911]
------FFMI-----------
[0.008158430205207299, 4.5431547948471637e-05, 4.217017373719487e-05, 0.00018115314383416407, 0.003855398637157936, 0.0, 0.005032292265554699, 0.0003084981124893746, 0.09160050123959063, 0.00040870327973318004, 0.0006062979275347041, 0.0004885831293200799, 0.00042511353614346363, 0.0006800363244669207, 0.00033116600051758097, 0.0009105413864586734, 0.0, 0.0, 0.004447887637435185, 0.12023980106505068, 0.02688322013142984, 0.14392355751153849, 0.14078512522319778, 0.06153075950698388, 0.059613642612119926, 0.14762462860705755, 0.025397890591668325, 0.03996512980342267, 0.06776964392260545, 0.14053751422627114, 0.1534467486876409, 0.033453935797154194, 0.04687095356647034, 0.022294442007089275, 0.14567995709975576, 0.14214447434077743, 0.06396712206302654, 0.06085862756661235]

 ----Cluster Analysis----
cluster number :2
silhouette_avg :0.7629494642660754
cluster_labels : 
[0, 0, 0, 0, 0, 0, 0, 0, 1, 0, 0, 0, 0, 0, 0, 0, 0, 0, 0, 1, 0, 1, 1, 0, 0, 1, 0, 0, 0, 1, 1, 0, 0, 0, 1, 1, 0, 0]cluster_centers : 
[[0.018431967961245577, 0.0], [0.13622025644454225, 0.0]]
------No of feature after FFMI-----------
29
 ----Cluster Analysis----
cluster number :2
silhouette_avg :0.8975808708982056
cluster_labels : 
[0, 0, 0, 0, 0, 0, 0, 0, 1, 0, 0, 0, 0, 0, 0, 0, 0, 0, 0, 1, 0, 1, 1, 0, 0, 1, 0, 0, 0, 1, 1, 0, 0, 0, 1, 1, 0, 0]cluster_centers : 
[[0.021260862292044228, 0.0], [0.40634927010020333, 0.0]]
------No of feature after FCMI-----------
9

----Client : 4----

 fcmi cluster:2

 affmi cluster:2
------FCMI-----------
[0.005336841560435346, 4.42985417415942e-05, 8.859974903174805e-05, 0.000177210161603214, 0.009361706378820944, 1.4401356556392741e-05, 0.0031974092347537564, 4.4654682497702325e-05, 0.40419867670046616, 0.0003961289763387832, 0.00045381202886551897, 0.00046817844009838794, 0.0003961289763387832, 0.0005185708886370488, 0.00012239582686990325, 0.002684333897530422, 0.0, 0.0, 0.0012458331413927048, 0.33677951834272646, 0.039982000042637855, 0.37586227775420866, 0.37917843769818105, 0.047386047006896526, 0.04855555574196324, 0.4875061018171345, 0.02192809720246469, 0.08517978746922639, 0.15830107898336188, 0.463696670779826, 0.42311053336498183, 0.023013003727318626, 0.03387850627850808, 0.02735199894457696, 0.3861778843557395, 0.38778316971150173, 0.04761533923629724, 0.06007210276139063]
------FFMI-----------
[0.007663429199038624, 4.554903984897654e-05, 8.356477972931351e-05, 0.0001163373382596554, 0.003386137521711851, 8.584408365885232e-05, 0.004059792882253041, 0.00031584100645541484, 0.09087905386710908, 0.0008188943560765049, 0.0006716423898487662, 0.0007883369061824721, 0.0008126946210544563, 0.0006385915132140383, 0.00014971210130414013, 0.001335267627025672, 0.0, 0.0, 0.004044233532847898, 0.11907643841056444, 0.027349309403362054, 0.14386074996930306, 0.14072183900640814, 0.06181016575863065, 0.05997176770455845, 0.14673256501303386, 0.02502667062232997, 0.04063713130756823, 0.06932648241340864, 0.13997060552901402, 0.15376462245314435, 0.0325606523700089, 0.046540370373689154, 0.023118193316290208, 0.1451406100258174, 0.14129799454185699, 0.06439056288601265, 0.060871614876356]

 ----Cluster Analysis----
cluster number :2
silhouette_avg :0.7590189354075237
cluster_labels : 
[0, 0, 0, 0, 0, 0, 0, 0, 1, 0, 0, 0, 0, 0, 0, 0, 0, 0, 0, 1, 0, 1, 1, 0, 0, 1, 0, 0, 0, 1, 1, 0, 0, 0, 1, 1, 0, 0]cluster_centers : 
[[0.01850409620450774, 0.0], [0.1357160532018057, 0.0]]
------No of feature after FFMI-----------
29
 ----Cluster Analysis----
cluster number :2
silhouette_avg :0.8974510793860556
cluster_labels : 
[0, 0, 0, 0, 0, 0, 0, 0, 1, 0, 0, 0, 0, 0, 0, 0, 0, 0, 0, 1, 0, 1, 1, 0, 0, 1, 0, 0, 0, 1, 1, 0, 0, 0, 1, 1, 0, 0]cluster_centers : 
[[0.021303931766763956, 0.0], [0.40492147450275173, 0.0]]
------No of feature after FCMI-----------
9

----Client : 5----

 fcmi cluster:2

 affmi cluster:2
------FCMI-----------
[0.004950650163804138, 8.444112160932438e-05, 0.00040394928527143215, 5.416514652356597e-07, 0.009090911530555745, 7.003990949250305e-05, 0.0010404365296090567, 0.0001755413607782419, 0.408929133178376, 0.0002101422784084317, 0.0007669235003504582, 0.001016315005048174, 0.00024517256975542523, 0.00046995000054761427, 9.288667584050891e-05, 0.0027350526018932175, 0.0, 3.50190153393104e-05, 0.0011776009681609967, 0.3530972134736312, 0.037990646338743606, 0.3745251019175213, 0.37397502886623557, 0.05497969826042204, 0.054600052215658, 0.497672533606798, 0.021160146035084315, 0.08706150920304023, 0.16056039665355826, 0.46496275252091923, 0.4264268254366663, 0.023976799003993188, 0.03150898702338045, 0.023681739938371305, 0.3829886859154057, 0.3847691089971419, 0.053467492074735334, 0.0671576267222842]
------FFMI-----------
[0.007729313987284594, 0.00013946787375373844, 0.00034917155747086624, 0.00024581258102545023, 0.003458763859685855, 7.726968270697358e-05, 0.002917372004558025, 0.00042946295626134233, 0.09155569067001797, 0.0004406035895999197, 0.0010526570449207295, 0.0011393950826189274, 0.00049380460424707, 0.0006740726420616647, 0.00010468144382054287, 0.0014751283239527696, 0.0, 3.331880368483458e-05, 0.003359054393893455, 0.12034562488739042, 0.026819674067180593, 0.14459034871618184, 0.13976212723350284, 0.06435137551020492, 0.06166175902389808, 0.14746962479159711, 0.02660734463654223, 0.039199844452270795, 0.06779998626911678, 0.1418172061494975, 0.15368509267938868, 0.03261444912974571, 0.045085264628761494, 0.02100698241575268, 0.14549023545412054, 0.1409459635872139, 0.06620196130314761, 0.06278522666017823]

 ----Cluster Analysis----
cluster number :2
silhouette_avg :0.757859271040718
cluster_labels : 
[0, 0, 0, 0, 0, 0, 0, 0, 1, 0, 0, 0, 0, 0, 0, 0, 0, 0, 0, 1, 0, 1, 1, 0, 0, 1, 0, 0, 0, 1, 1, 0, 0, 0, 1, 1, 0, 0]cluster_centers : 
[[0.01856045581132227, 0.0], [0.13618465712987898, 0.0]]
------No of feature after FFMI-----------
29
 ----Cluster Analysis----
cluster number :2
silhouette_avg :0.8950097452008512
cluster_labels : 
[0, 0, 0, 0, 0, 0, 0, 0, 1, 0, 0, 0, 0, 0, 0, 0, 0, 0, 0, 1, 0, 1, 1, 0, 0, 1, 0, 0, 0, 1, 1, 0, 0, 0, 1, 1, 0, 0]cluster_centers : 
[[0.022024505780593173, 0.0], [0.407482931545855, 0.0]]
------No of feature after FCMI-----------
9

----Global feature subset----
same_srv_rate,dst_host_srv_count,dst_host_same_srv_rate,logged_in,dst_host_srv_serror_rate,dst_host_serror_rate,srv_serror_rate,serror_rate,count,dst_host_countsame_srv_rate,dst_host_srv_count,dst_host_same_srv_rate,logged_in,dst_host_srv_serror_rate,dst_host_serror_rate,srv_serror_rate,serror_rate,count,dst_host_count
 number of global feature subset :10

----Learning on Global features--------
 Client : 1----

 knn-3 :0.9472

 knn-5 :0.9478

 roc_auc_score :0.9571892485487719

----Learning on Global features--------
 Client : 2----

 knn-3 :0.9416

 knn-5 :0.941

 roc_auc_score :0.9555985536420463

----Learning on Global features--------
 Client : 3----

 knn-3 :0.942

 knn-5 :0.9446

 roc_auc_score :0.9593505726414314

----Learning on Global features--------
 Client : 4----

 knn-3 :0.939

 knn-5 :0.9374

 roc_auc_score :0.9576502305605976

----Learning on Global features--------
 Client : 5----

 knn-3 :0.939749759384023

 knn-5 :0.9403272377285852

 roc_auc_score :0.9542562774796186
