
---------command line arguments-----------
 Output file :output_musk_2_2_iid_5.txt
 Fcmi cluster number :2
 Ffmi cluster number :2
 dataset name :musk
 dataset type :iid
 number of clients :5
-----------------------------------------
 
----Client : 1----

 fcmi cluster:2

 affmi cluster:2
------FCMI-----------
[0.4879884350474515, 0.021591495988003473, 0.023295706593415844, 0.08286674603307276, 0.05545572384200792, 0.005471773054118612, 0.04870484841333944, 0.04538272851060077, 0.04414786791179948, 0.036577283057396937, 0.009932614936269513, 0.05942242214794469, 0.04873481945249836, 0.023640127760553575, 0.07262710077371448, 0.06755805814533522, 0.012365266428981503, 0.09778803143866899, 0.027120117099553198, 0.0350118736667282, 0.022853779360839432, 0.032797960428461614, 0.030714972373292238, 0.04446229591326789, 0.017159637005279116, 0.02220093828236136, 0.0417460987549112, 0.039756662891897054, 0.024979036077249717, 0.033365377305970334, 0.024164665144849717, 0.028829332069658653, 0.021616932452735327, 0.04000045834930477, 0.025397325124298487, 0.014284064251286033, 0.0739790194590988, 0.027042269999849378, 0.028439577142777228, 0.022811273726547565, 0.023712308817640526, 0.04280897830809849, 0.03557003080268428, 0.013828788683614146, 0.048819702821346844, 0.06131863339392174, 0.024091371625968527, 0.04078174720050143, 0.040745791788947994, 0.054660190543430076, 0.009804166495382294, 0.022291550278604966, 0.02507833442508689, 0.033943502411428295, 0.02729776075322521, 0.021769583122378755, 0.027464630359847142, 0.05104465218620646, 0.046823042346891164, 0.04660468342287549, 0.012307495203435437, 0.035739823591238284, 0.061572191750501215, 0.03508277546797611, 0.050818644961825754, 0.051677844079203616, 0.03730218038726152, 0.007064598452677817, 0.04596606409266668, 0.026528245746703316, 0.041149900310658794, 0.059291297767816165, 0.037522261455634975, 0.03615906126042301, 0.036028555840418086, 0.023051443036843366, 0.01108820496782581, 0.039905786426544854, 0.05519383637228703, 0.05659353523225885, 0.06230074994649337, 0.032422979365750226, 0.04125415260847465, 0.022560801155902865, 0.04432450984426106, 0.01595093208002263, 0.0347194951196399, 0.06484903245797513, 0.03534795464477769, 0.04425701795808967, 0.021314458924062585, 0.049677856781467966, 0.07838973978680563, 0.04647171939439776, 0.011723394663302855, 0.0505150692551144, 0.04773550196901599, 0.05531135616387184, 0.06513166669356307, 0.07171563953960547, 0.058705995466706185, 0.033903602926826704, 0.038883325446770645, 0.04388803154569043, 0.05494196042961619, 0.05379901131690046, 0.07081271665483557, 0.02006287295460263, 0.04441090543734516, 0.05603959422210636, 0.07600742888250922, 0.07247529364779837, 0.03418503419138608, 0.05299618348688906, 0.04814382008803131, 0.025024239226902, 0.01160914906388788, 0.023086056203559746, 0.04617297890801808, 0.054254417894537, 0.05005245424197202, 0.02629742801007584, 0.014174614167452582, 0.045202001982504125, 0.04336819382518309, 0.0539531855554749, 0.07857290535066053, 0.022661681209880324, 0.02138043426635683, 0.015483929424608966, 0.033644977144375865, 0.0062308751191215705, 0.06372955936248381, 0.022073907342839316, 0.032217131036213154, 0.07770506391281806, 0.05732691809926038, 0.07326215146940918, 0.05524525825247073, 0.02315058910478962, 0.018112516395943246, 0.020980349248464147, 0.03205637617108792, 0.08252500835563925, 0.08389705641880374, 0.012211120362996097, 0.014004367017234731, 0.013032959130236055, 0.06813822998033547, 0.05138002631167593, 0.03700538163804845, 0.05307519680219164, 0.031015051156018547, 0.025367950706152165, 0.026391392222930854, 0.010411630941631778, 0.06460330297373362, 0.01739907517334749, 0.008574262486427564, 0.02367117166023469, 0.06078878824181855, 0.008391330977894906, 0.039755258035517826, 0.04233663111269159, 0.01709885206799644, 0.028854226253954174, 0.04587689385573945]
------FFMI-----------
[0.3658598221724999, 0.2434635953683315, 0.32918056464274875, 0.5448152669607356, 0.43311990189043154, 0.0462143334907078, 0.3911151722934226, 0.5539411632497785, 0.4989640449304447, 0.4898130638378423, 0.36193981055213, 0.5254693824945209, 0.3939508337525769, 0.23881542248841703, 0.5245495544529593, 0.39913455113198043, 0.13197496690845006, 0.5871610602231405, 0.30083223791634645, 0.4316305419076985, 0.317861617847529, 0.3923574929570869, 0.5116979436396896, 0.5535268715458871, 0.4152968088556888, 0.47914678508608655, 0.5534838347243557, 0.46757662723427884, 0.32485858425671627, 0.4067240605552551, 0.47864476557083047, 0.14481495576928943, 0.32246263791478114, 0.3509870454386424, 0.4790640331435547, 0.41724929892483875, 0.41558593765412144, 0.20092161964802843, 0.47135449370439003, 0.4498879912089774, 0.40940103454672444, 0.45355827775553753, 0.33954339856272175, 0.2608911709511456, 0.42159740449159516, 0.45584205186898447, 0.4238434197041022, 0.29643007099055585, 0.49499338556127204, 0.48913613325209354, 0.33672363805355765, 0.3215355534922023, 0.5427546215882667, 0.508122764200249, 0.37622540017089623, 0.36383309825403487, 0.3564185130871397, 0.6139908184464674, 0.3505944692831378, 0.2915357062241143, 0.4711768017802819, 0.3179748922818715, 0.4309691596854134, 0.20961683962787284, 0.5392167365128848, 0.437843280979743, 0.3057884655942398, 0.0501905796851784, 0.4126504013243926, 0.45465259638799055, 0.3844729929032561, 0.4898239513428919, 0.48060678123065365, 0.4861806281350799, 0.45772925056135944, 0.3684739311406985, 0.11602904776023763, 0.5384901109815763, 0.456059408907806, 0.4019926925862308, 0.49161482711447285, 0.4937405233553748, 0.5511920684986654, 0.424549561779955, 0.3416217083479845, 0.5456388605965385, 0.5294730316353673, 0.38274676143240605, 0.2902675737050498, 0.416646007561907, 0.5681471866899097, 0.2871423340154764, 0.40993926491448546, 0.43010542638214955, 0.33128479132996996, 0.22505846463383405, 0.3334317615404731, 0.28021498274141665, 0.5368904713207325, 0.4887597303596827, 0.5652338043633106, 0.46052455930313596, 0.33628744314364817, 0.45727073095773463, 0.5175037453027598, 0.4137026369203954, 0.43374332766970775, 0.19865508074048718, 0.5047138041213095, 0.5235803308602733, 0.48753824865465795, 0.3840857867700387, 0.543154978194825, 0.5770828720693334, 0.5779792975783907, 0.5142715968000788, 0.3330999782895964, 0.5068148669265327, 0.5587898236238116, 0.650775855708875, 0.4790112817364533, 0.4701584215098728, 0.45519230596753246, 0.4248901405210363, 0.3137536406604907, 0.29952284037608545, 0.2752404762678492, 0.4608477679092599, 0.47745326255591114, 0.32477923339453185, 0.3994955864927291, 0.26510895374449844, 0.30314571788741496, 0.2937681633948601, 0.3436592314526041, 0.57239965506774, 0.36161461343552326, 0.46845928779935586, 0.38869027232549636, 0.49741590882915515, 0.334217155575321, 0.3571262155544821, 0.44517882052420027, 0.5942225439070826, 0.6028075271985581, 0.0615863456077944, 0.08713211500462806, 0.07746624372675821, 0.37633034160202333, 0.3910682110951641, 0.4566619449928262, 0.4066234030590918, 0.4048197841228995, 0.41270949187153344, 0.46397521020834287, 0.297248249218396, 0.43332124618406664, 0.11216384648158206, 0.326397421040753, 0.42399155003701466, 0.38892349164369805, 0.31495293430571064, 0.3264323774814859, 0.2645125288017491, 0.1934676645518573, 0.283673151822404, 0.26340301957921614]

 ----Cluster Analysis----
cluster number :2
silhouette_avg :0.5784698999854474
cluster_labels : 
[1, 1, 1, 0, 0, 1, 0, 0, 0, 0, 1, 0, 0, 1, 0, 0, 1, 0, 1, 0, 1, 0, 0, 0, 0, 0, 0, 0, 1, 0, 0, 1, 1, 1, 0, 0, 0, 1, 0, 0, 0, 0, 1, 1, 0, 0, 0, 1, 0, 0, 1, 1, 0, 0, 0, 1, 1, 0, 1, 1, 0, 1, 0, 1, 0, 0, 1, 1, 0, 0, 0, 0, 0, 0, 0, 1, 1, 0, 0, 0, 0, 0, 0, 0, 1, 0, 0, 0, 1, 0, 0, 1, 0, 0, 1, 1, 1, 1, 0, 0, 0, 0, 1, 0, 0, 0, 0, 1, 0, 0, 0, 0, 0, 0, 0, 0, 1, 0, 0, 0, 0, 0, 0, 0, 1, 1, 1, 0, 0, 1, 0, 1, 1, 1, 1, 0, 1, 0, 0, 0, 1, 1, 0, 0, 0, 1, 1, 1, 0, 0, 0, 0, 0, 0, 0, 1, 0, 1, 1, 0, 0, 1, 1, 1, 1, 1, 1]cluster_centers : 
[[0.4736899907758494, 0.0], [0.2742452072138268, 0.0]]
------No of feature after FFMI-----------
62
 ----Cluster Analysis----
cluster number :2
silhouette_avg :0.9446959773441802
cluster_labels : 
[1, 0, 0, 0, 0, 0, 0, 0, 0, 0, 0, 0, 0, 0, 0, 0, 0, 0, 0, 0, 0, 0, 0, 0, 0, 0, 0, 0, 0, 0, 0, 0, 0, 0, 0, 0, 0, 0, 0, 0, 0, 0, 0, 0, 0, 0, 0, 0, 0, 0, 0, 0, 0, 0, 0, 0, 0, 0, 0, 0, 0, 0, 0, 0, 0, 0, 0, 0, 0, 0, 0, 0, 0, 0, 0, 0, 0, 0, 0, 0, 0, 0, 0, 0, 0, 0, 0, 0, 0, 0, 0, 0, 0, 0, 0, 0, 0, 0, 0, 0, 0, 0, 0, 0, 0, 0, 0, 0, 0, 0, 0, 0, 0, 0, 0, 0, 0, 0, 0, 0, 0, 0, 0, 0, 0, 0, 0, 0, 0, 0, 0, 0, 0, 0, 0, 0, 0, 0, 0, 0, 0, 0, 0, 0, 0, 0, 0, 0, 0, 0, 0, 0, 0, 0, 0, 0, 0, 0, 0, 0, 0, 0, 0, 0, 0, 0, 0]cluster_centers : 
[[0.03892086619568934, 0.0], [0.4879884350474515, 0.0]]
------No of feature after FCMI-----------
1

----Client : 2----

 fcmi cluster:2

 affmi cluster:2
------FCMI-----------
[0.5175175748772429, 0.026893377741786573, 0.03024060501115544, 0.08234530625765268, 0.059612611428847107, 0.0034938563219319985, 0.030173818499146687, 0.04968219543319252, 0.0484117990607289, 0.03603596926617758, 0.014018912032925268, 0.0665550391117411, 0.05326580075054688, 0.05226630584427516, 0.07450261920330226, 0.07017341604618199, 0.03132358672532831, 0.08401958022365674, 0.02587092263449442, 0.04613014249844927, 0.040285489724608325, 0.028585677397532372, 0.03745293607335576, 0.05142178405206055, 0.032280347096121265, 0.041923009223461705, 0.042812797489665044, 0.03199927986242823, 0.022499156947152432, 0.047571478773903664, 0.03351772927716512, 0.03073854392913211, 0.02074193767164978, 0.03051319021651766, 0.03144970918911305, 0.0629049149218095, 0.08513921360133692, 0.037454032100106005, 0.021488748780440048, 0.029435617656140778, 0.021256062411797227, 0.049886831102845974, 0.05095579258101157, 0.01656928060289431, 0.07287138757316525, 0.08550855125111934, 0.039652760604758086, 0.028778872046864024, 0.03604545290464456, 0.06917257196927729, 0.008542983995007969, 0.022815064388891138, 0.03586825085427803, 0.039944980202294644, 0.031048456236472788, 0.01751476022599663, 0.023355779945357646, 0.058807345386970855, 0.04596161838244672, 0.0394632800885657, 0.020162194362172148, 0.0421820702122333, 0.031004282022427, 0.03204211710508842, 0.07354369700372843, 0.06390980022660786, 0.032127968341778335, 0.00859020486194706, 0.05770715142458993, 0.02730477133044662, 0.04899686896876876, 0.07146733200785782, 0.04967565854929257, 0.043064688955865904, 0.052874889603988784, 0.04853055359206637, 0.01680593005976161, 0.04376906745291631, 0.07038178731877576, 0.08182939010406809, 0.06327149205683158, 0.022825034271155786, 0.04849071857341647, 0.025933995752466465, 0.04698519113349686, 0.026882424638231317, 0.04361433323226471, 0.061657258265776616, 0.012919751758126985, 0.06323978789608509, 0.029278456677538145, 0.05547195786366599, 0.04660800705405732, 0.044915733704587346, 0.013106372667797572, 0.0761993588531249, 0.046826534042764933, 0.056506531256469206, 0.06685851318816383, 0.07559187840258597, 0.041100562583761935, 0.044502707801296726, 0.0611155346944412, 0.05317826229637479, 0.06625978119439857, 0.06829227831870277, 0.08485351890291426, 0.02255815841978448, 0.03781716786855638, 0.0691591573113084, 0.09382017921656693, 0.0654658867020097, 0.03971080523304904, 0.044390993040428484, 0.04471597308201636, 0.01966645958145552, 0.022624647023332223, 0.05291711556435397, 0.03427922516756787, 0.056888104407327056, 0.032824422632310224, 0.059615476115772115, 0.015402534252098476, 0.03020035728201309, 0.0447405425397851, 0.06206102026720339, 0.07002531283601687, 0.019787498773272016, 0.022561178677531046, 0.013057001776553445, 0.03693997758422363, 0.014826838906683015, 0.07163275344873554, 0.012246873015211879, 0.04128438213340102, 0.07514357768533397, 0.0627366469679691, 0.07379499967686609, 0.05704081470980693, 0.029346608488120207, 0.017950250898078224, 0.023466766451850862, 0.023846477999061477, 0.07155762480177863, 0.06840882582613705, 0.007951647572501885, 0.012244632117037968, 0.0048906057037581, 0.07007231234184141, 0.06313145269908293, 0.03035742459256907, 0.06116708942933924, 0.05085119213856926, 0.05761406584972972, 0.03514113636056049, 0.015564743814299398, 0.05616136295695373, 0.016745711510667283, 0.014019637668955642, 0.0400053258481341, 0.05757084919685429, 0.00850329146290818, 0.06269044860918394, 0.07965013654207054, 0.019609082733476946, 0.04601908217279993, 0.05790780664994033]
------FFMI-----------
[0.3870863149215091, 0.24124968159562785, 0.3041229986467507, 0.5659935461013896, 0.4269399440491263, 0.0404927487643378, 0.36967203534987836, 0.5320405420513046, 0.50309787298676, 0.4893331857498673, 0.3687849332228684, 0.543739281024707, 0.4090174105611692, 0.2527845507570403, 0.5066136588802517, 0.40858374553969395, 0.16782021045266565, 0.5994178989390909, 0.3320803430651676, 0.4918986123438134, 0.33719950157158374, 0.3746416364500873, 0.5057766060232084, 0.5437593371296434, 0.43998384589983963, 0.47769832073461094, 0.5578157754923841, 0.4625584097156042, 0.3165040435758566, 0.43056783817987, 0.4983098173653723, 0.14855638988325973, 0.3331985468718225, 0.35041723450034834, 0.4719273046435365, 0.4917962726977314, 0.4098996554749057, 0.19824554472480949, 0.4761971688830658, 0.4435091782119277, 0.41025109669642684, 0.4277884196611872, 0.3613919146476536, 0.28502983589237546, 0.44110820732014444, 0.47058933975533634, 0.438527253864659, 0.31201052020848674, 0.4662735439340993, 0.5016091264654166, 0.34090934712491544, 0.333006419221828, 0.5307125761809679, 0.4776541026370361, 0.3790668679470455, 0.35725478848586256, 0.36905361467027903, 0.6035233214243538, 0.32681913484801417, 0.30087173797254374, 0.47258309995433706, 0.3007012123419063, 0.42477985005308333, 0.20104201729212862, 0.5412050664081192, 0.43341097004509055, 0.29089219946199685, 0.054264506151013074, 0.4469648327050152, 0.449710013319317, 0.3918014208414302, 0.5086427623858943, 0.47207604950266663, 0.5030937512314126, 0.48886918818084624, 0.4127275938784331, 0.08742088756660249, 0.538122654272543, 0.4979895596919772, 0.4333652237071193, 0.5061361635546735, 0.48908155763516253, 0.5208048633373762, 0.42087284994496926, 0.35456710947645176, 0.5895396567406725, 0.5052598220702316, 0.3937801794222424, 0.2883251222312337, 0.44658147338833387, 0.5599566122560286, 0.2738352265761976, 0.41273118947048376, 0.4593702437994664, 0.3325071662217967, 0.22876215230710142, 0.33219194326221196, 0.29215219566688055, 0.5665016775029551, 0.4921211340851026, 0.5459473218958553, 0.45729839805256833, 0.3607174063753819, 0.4848617083740277, 0.5269140109337231, 0.39906967424540246, 0.4908326877349457, 0.2007495840500052, 0.4778146643036968, 0.5416615215470181, 0.4559420981001567, 0.39109537888682294, 0.5482602450077971, 0.5944219601088614, 0.5842617694597663, 0.4927664867755586, 0.3455434270206575, 0.5208990852604692, 0.5193294796168144, 0.6349680043645253, 0.48465986572385134, 0.4841515951797705, 0.41231889495734464, 0.40833274792677293, 0.3534389542563602, 0.28153038365569005, 0.28526127472174123, 0.4769098650806692, 0.46209550369092894, 0.35242086755987007, 0.406046740348008, 0.28118804090119215, 0.29058050445488437, 0.2799773505603448, 0.3625223495656703, 0.58429974671942, 0.3861776016193388, 0.47436513486202014, 0.3739031689502943, 0.4918904016373169, 0.3281451944385311, 0.33243929149441886, 0.46530138063359033, 0.5631978881701569, 0.6103692234907676, 0.06333981415078284, 0.09275984664485386, 0.07122620587962143, 0.38658168040330587, 0.394685647352506, 0.43610152114089684, 0.5003608736242469, 0.4368009928077908, 0.4590761473610111, 0.4638972669266138, 0.30090561169809693, 0.4330292615301697, 0.10942236723847339, 0.33789988005233446, 0.4471152742072676, 0.3850418374500369, 0.3054746378875909, 0.3351127068848963, 0.2707366623711214, 0.20228641202915235, 0.287276923772445, 0.27112515933171105]

 ----Cluster Analysis----
cluster number :2
silhouette_avg :0.5876067059875276
cluster_labels : 
[0, 1, 1, 0, 0, 1, 1, 0, 0, 0, 1, 0, 0, 1, 0, 0, 1, 0, 1, 0, 1, 1, 0, 0, 0, 0, 0, 0, 1, 0, 0, 1, 1, 1, 0, 0, 0, 1, 0, 0, 0, 0, 1, 1, 0, 0, 0, 1, 0, 0, 1, 1, 0, 0, 1, 1, 1, 0, 1, 1, 0, 1, 0, 1, 0, 0, 1, 1, 0, 0, 0, 0, 0, 0, 0, 0, 1, 0, 0, 0, 0, 0, 0, 0, 1, 0, 0, 0, 1, 0, 0, 1, 0, 0, 1, 1, 1, 1, 0, 0, 0, 0, 1, 0, 0, 0, 0, 1, 0, 0, 0, 0, 0, 0, 0, 0, 1, 0, 0, 0, 0, 0, 0, 0, 1, 1, 1, 0, 0, 1, 0, 1, 1, 1, 1, 0, 0, 0, 1, 0, 1, 1, 0, 0, 0, 1, 1, 1, 0, 0, 0, 0, 0, 0, 0, 1, 0, 1, 1, 0, 0, 1, 1, 1, 1, 1, 1]cluster_centers : 
[[0.48018105363881547, 0.0], [0.2795846086500437, 0.0]]
------No of feature after FFMI-----------
63
 ----Cluster Analysis----
cluster number :2
silhouette_avg :0.9437291143486305
cluster_labels : 
[1, 0, 0, 0, 0, 0, 0, 0, 0, 0, 0, 0, 0, 0, 0, 0, 0, 0, 0, 0, 0, 0, 0, 0, 0, 0, 0, 0, 0, 0, 0, 0, 0, 0, 0, 0, 0, 0, 0, 0, 0, 0, 0, 0, 0, 0, 0, 0, 0, 0, 0, 0, 0, 0, 0, 0, 0, 0, 0, 0, 0, 0, 0, 0, 0, 0, 0, 0, 0, 0, 0, 0, 0, 0, 0, 0, 0, 0, 0, 0, 0, 0, 0, 0, 0, 0, 0, 0, 0, 0, 0, 0, 0, 0, 0, 0, 0, 0, 0, 0, 0, 0, 0, 0, 0, 0, 0, 0, 0, 0, 0, 0, 0, 0, 0, 0, 0, 0, 0, 0, 0, 0, 0, 0, 0, 0, 0, 0, 0, 0, 0, 0, 0, 0, 0, 0, 0, 0, 0, 0, 0, 0, 0, 0, 0, 0, 0, 0, 0, 0, 0, 0, 0, 0, 0, 0, 0, 0, 0, 0, 0, 0, 0, 0, 0, 0, 0]cluster_centers : 
[[0.04351861214306965, 0.0], [0.5175175748772429, 0.0]]
------No of feature after FCMI-----------
1

----Client : 3----

 fcmi cluster:2

 affmi cluster:2
------FCMI-----------
[0.5124625152670372, 0.02002591466850623, 0.02940977274422929, 0.08498456798821952, 0.04173473143174089, 0.004881287461835582, 0.039627778998867935, 0.05206679028891914, 0.052635653332913535, 0.045621456551404815, 0.011880627519320619, 0.06964834209208792, 0.0501689690171756, 0.02345206092288299, 0.0780903789780063, 0.06850491768061273, 0.03104527782983224, 0.1137268883684226, 0.03198703203349407, 0.05801660610172865, 0.03408949604411449, 0.020944007155357713, 0.036533708253114305, 0.05388265557269367, 0.013186462617645667, 0.02314321409062492, 0.05235893028829164, 0.047938442125464054, 0.02829136251767128, 0.04706335999231559, 0.02145632797025865, 0.03299943440105868, 0.024790446166032876, 0.02568960078544702, 0.01863287068303565, 0.02126046181151331, 0.0876880559467419, 0.03939363272339769, 0.033287968420306235, 0.04101350822702621, 0.026201148439277233, 0.05529445322872473, 0.05397232384504713, 0.010517077689212506, 0.06806844330760597, 0.08118161576408811, 0.03750787736473926, 0.035382201004028335, 0.03944909040084399, 0.05826153012630586, 0.015241999259321126, 0.026016011519122806, 0.035504561631940934, 0.040129103260487575, 0.03397071364779736, 0.021745566950992945, 0.022490867527821035, 0.06858028544519001, 0.03538346854234975, 0.049265542128572815, 0.012963599976209217, 0.0367309254964181, 0.06706924966575345, 0.03793148617083819, 0.031579322985989755, 0.0535619955806208, 0.031655810989361655, 0.011617886149199563, 0.0514504145951018, 0.03174581356124184, 0.04245953061244867, 0.0730990476377289, 0.04210943143708068, 0.034974300168466144, 0.05684415530839759, 0.03819968020084774, 0.00990973543495599, 0.042611721451915496, 0.06876269346707131, 0.07178257478422623, 0.05734857506545943, 0.028365167947833392, 0.047023744633202025, 0.022671845687408432, 0.04322649646648635, 0.018660185687643605, 0.04757908946457645, 0.06342939678780501, 0.023266877983836753, 0.040776430221252546, 0.025915046538946385, 0.0614056684416413, 0.06767379645075389, 0.03179026483224234, 0.011118705487383362, 0.0697043496089842, 0.07069968579763097, 0.05051714365582738, 0.08436763693870208, 0.08070972243684693, 0.05116312341297791, 0.052812037102430764, 0.05079533938928149, 0.05766080053997058, 0.0788831295451411, 0.07154014205746773, 0.07834941242338722, 0.014074964136542967, 0.05878647286932592, 0.06455943073225345, 0.07580030994436049, 0.08077122256090741, 0.035965823746225034, 0.044709136444133435, 0.049612195771427725, 0.01911000308968669, 0.01021126498710423, 0.03380842686334695, 0.04253164099832052, 0.047507973821979466, 0.060506277952806276, 0.030011797662438777, 0.02901239265044353, 0.037657472529467384, 0.07589703737941456, 0.06718462096683187, 0.07256262380776635, 0.01899231732923612, 0.02629090950679469, 0.009881153783243057, 0.034904306173406674, 0.010362076047866431, 0.08074560120189789, 0.014260480318594393, 0.037360865566044676, 0.06566017839782123, 0.06539097015688267, 0.09529861735857104, 0.0808537122200299, 0.037073323790624446, 0.025609439057167283, 0.022578421178579777, 0.03589488031991683, 0.08886699284657062, 0.08519945427618092, 0.009131942174851027, 0.008492293156754815, 0.013846918099641448, 0.0472157437304368, 0.0462851227461929, 0.035068374070949204, 0.06687711923735806, 0.042962906335151985, 0.012574390330410079, 0.026099557557942354, 0.009039381541828373, 0.06362707599533524, 0.014582281472639957, 0.013576719407994986, 0.018000310503027972, 0.05105817592238848, 0.00977597313877121, 0.045842554653022116, 0.051438440852780154, 0.022036795080749405, 0.03233527763553212, 0.09364642490571962]
------FFMI-----------
[0.3627901018110322, 0.2119225597543235, 0.3071102110452164, 0.5342578981719539, 0.41390063696559454, 0.04801657496802686, 0.35340338050608117, 0.5359980825114862, 0.472738022438275, 0.4847934188453007, 0.3555339147386723, 0.5157665618872029, 0.39436903200209467, 0.2405553602422431, 0.5326359336018166, 0.38046183631473596, 0.1535660549476282, 0.5946082533762288, 0.2929569885383789, 0.43304907001707055, 0.3406456721975411, 0.36665499778185684, 0.5026323793288938, 0.5432722761823859, 0.42909291511974235, 0.46918513781242976, 0.5478217796118274, 0.46713524553349267, 0.31347227422210533, 0.4012081409655282, 0.49340680393397435, 0.14356827862732924, 0.32901395133382116, 0.31694574455476354, 0.4681866160150555, 0.41393651321715386, 0.37353340975494104, 0.19352344737511556, 0.4519407724391373, 0.42886643274695985, 0.4064614216628745, 0.44305542112550855, 0.32557045979225524, 0.27580763273360576, 0.43425162829304786, 0.43761233966682345, 0.4205184219498688, 0.28459437354448786, 0.4729493309932635, 0.47472502577357373, 0.3485344283557129, 0.3069348548893271, 0.5338776006327707, 0.4916777503013595, 0.36434548699346747, 0.3514149018856241, 0.33045693286306704, 0.595170826074745, 0.3161767267302402, 0.29635950615620377, 0.45508710904843613, 0.2917154324233556, 0.4237514443277954, 0.19006755817092832, 0.5268185727078262, 0.4202062061630777, 0.26515500143812626, 0.06001770597208936, 0.42971241368041696, 0.4716959838053804, 0.40856110172448146, 0.4976071295151506, 0.469695335437871, 0.49276453674974874, 0.45245627359233753, 0.38760400664091965, 0.09826785719283657, 0.5184110237147729, 0.4526592540892729, 0.4221337339290965, 0.4973370416034819, 0.475857255171353, 0.5384726770807193, 0.40695113909333747, 0.3242975028702998, 0.5634986778889381, 0.5071316770359784, 0.37977085825152845, 0.26870614640629764, 0.41402465478225864, 0.5535742925280084, 0.2800864031537056, 0.3865707120559668, 0.41973885289569896, 0.3157757691209725, 0.20948792324215154, 0.31011564227582006, 0.27269176416044166, 0.560319906734582, 0.4945534234967639, 0.5302154769577663, 0.4586970574872672, 0.32621925885762115, 0.45382966082337123, 0.5094295688878633, 0.3756760739646003, 0.43033622631596946, 0.18848005030811305, 0.47615206407250443, 0.5325862423628847, 0.4083684048654931, 0.37467506608107726, 0.5236537417571524, 0.5839852538082324, 0.578452289942168, 0.5356242235229284, 0.3306360111878141, 0.5126641440242801, 0.5126666468309333, 0.6261396924490631, 0.47085918401917276, 0.46934010250632757, 0.3946590907353389, 0.4132433545456679, 0.330833139774951, 0.28546228945509783, 0.25955513452982376, 0.4535945612615051, 0.45236232376545377, 0.33295671884861405, 0.3979142418418619, 0.24265753427559147, 0.28543618809308374, 0.24791450808702895, 0.35690011819509276, 0.5443676145911129, 0.3580445851262971, 0.4782067121513305, 0.3640645322491248, 0.5010453018594202, 0.30503011391918783, 0.3325928400292819, 0.4529406207722406, 0.5700446389040111, 0.5934059810439068, 0.06476429114997824, 0.08593372226281326, 0.05994520550281298, 0.38045277776931286, 0.39232870349081383, 0.42707599229455956, 0.41677731114522715, 0.40747658843349077, 0.40946088286920695, 0.4515383289851291, 0.30203630456809283, 0.42245858519394897, 0.11193488580380706, 0.3118387184961219, 0.42934273658148503, 0.35928301998843115, 0.2968370300990576, 0.3135593168529329, 0.23052145781048336, 0.20535075321792542, 0.25763563615358087, 0.25778484470984037]

 ----Cluster Analysis----
cluster number :2
silhouette_avg :0.5811206395496805
cluster_labels : 
[0, 0, 0, 1, 1, 0, 0, 1, 1, 1, 0, 1, 1, 0, 1, 1, 0, 1, 0, 1, 0, 0, 1, 1, 1, 1, 1, 1, 0, 1, 1, 0, 0, 0, 1, 1, 1, 0, 1, 1, 1, 1, 0, 0, 1, 1, 1, 0, 1, 1, 0, 0, 1, 1, 0, 0, 0, 1, 0, 0, 1, 0, 1, 0, 1, 1, 0, 0, 1, 1, 1, 1, 1, 1, 1, 1, 0, 1, 1, 1, 1, 1, 1, 1, 0, 1, 1, 1, 0, 1, 1, 0, 1, 1, 0, 0, 0, 0, 1, 1, 1, 1, 0, 1, 1, 1, 1, 0, 1, 1, 1, 1, 1, 1, 1, 1, 0, 1, 1, 1, 1, 1, 1, 1, 0, 0, 0, 1, 1, 0, 1, 0, 0, 0, 0, 1, 0, 1, 0, 1, 0, 0, 1, 1, 1, 0, 0, 0, 1, 1, 1, 1, 1, 1, 1, 0, 1, 0, 0, 1, 0, 0, 0, 0, 0, 0, 0]cluster_centers : 
[[0.2700070868570872, 0.0], [0.46903078908838014, 0.0]]
------No of feature after FFMI-----------
66
 ----Cluster Analysis----
cluster number :2
silhouette_avg :0.9387820239280683
cluster_labels : 
[1, 0, 0, 0, 0, 0, 0, 0, 0, 0, 0, 0, 0, 0, 0, 0, 0, 0, 0, 0, 0, 0, 0, 0, 0, 0, 0, 0, 0, 0, 0, 0, 0, 0, 0, 0, 0, 0, 0, 0, 0, 0, 0, 0, 0, 0, 0, 0, 0, 0, 0, 0, 0, 0, 0, 0, 0, 0, 0, 0, 0, 0, 0, 0, 0, 0, 0, 0, 0, 0, 0, 0, 0, 0, 0, 0, 0, 0, 0, 0, 0, 0, 0, 0, 0, 0, 0, 0, 0, 0, 0, 0, 0, 0, 0, 0, 0, 0, 0, 0, 0, 0, 0, 0, 0, 0, 0, 0, 0, 0, 0, 0, 0, 0, 0, 0, 0, 0, 0, 0, 0, 0, 0, 0, 0, 0, 0, 0, 0, 0, 0, 0, 0, 0, 0, 0, 0, 0, 0, 0, 0, 0, 0, 0, 0, 0, 0, 0, 0, 0, 0, 0, 0, 0, 0, 0, 0, 0, 0, 0, 0, 0, 0, 0, 0, 0, 0]cluster_centers : 
[[0.04324607613348472, 0.0], [0.5124625152670372, 0.0]]
------No of feature after FCMI-----------
1

----Client : 4----

 fcmi cluster:2

 affmi cluster:2
------FCMI-----------
[0.5590263861054314, 0.022324969041528586, 0.022947193555011847, 0.08424416833034698, 0.08633692649559022, 0.003171020280973935, 0.0366117429413082, 0.047790248142417724, 0.08239804109891757, 0.04692476692892544, 0.0138076050105167, 0.09150826929220068, 0.06164660299646574, 0.03616395636989278, 0.10813565524990354, 0.11160354040197173, 0.02317612063440011, 0.07349970599277089, 0.0472817636790257, 0.0740138253522793, 0.03450089119610755, 0.02184038611106942, 0.040879492075499346, 0.040033959279889064, 0.03398958086753723, 0.07166924609368364, 0.043019542280239964, 0.030839377241844712, 0.029052482626954035, 0.055530485018413955, 0.04349857449792882, 0.04001620879260548, 0.024175933415342854, 0.04751179957134699, 0.04288731919779476, 0.019775473088117668, 0.08568560678179216, 0.0356961802850666, 0.036483928975877156, 0.029541004271404603, 0.02698694878068819, 0.03549990804499403, 0.04628040212343887, 0.01116671529085167, 0.12030731356622626, 0.11747290523459641, 0.05818446276320621, 0.03227143826550671, 0.03703149139317752, 0.06842991339562321, 0.014047627535340723, 0.022411442529020054, 0.041577875219259486, 0.028346779767454144, 0.04520257872200473, 0.03155600677534265, 0.018640677177365284, 0.05782193074823816, 0.032748606765015786, 0.056328612741252115, 0.03458049743994929, 0.05196029710548977, 0.06373971330199835, 0.04794114957667661, 0.09412543007344487, 0.059307666540270976, 0.03595894898534224, 0.006460060438038373, 0.06229698590970889, 0.036758864513224854, 0.05310111463449729, 0.06244215397172548, 0.040050905155862626, 0.047846423620296896, 0.07182695625266211, 0.05034258443176398, 0.014701764651186444, 0.05489833022812096, 0.09671184907537889, 0.08845161394626322, 0.10929279910303213, 0.026536744367331, 0.04161814939178976, 0.01875224050173996, 0.09330203529081471, 0.060917004863527247, 0.04818032136740058, 0.0654700938913102, 0.014973856446329314, 0.054408325862830065, 0.03843204773401521, 0.06696985953921963, 0.056554041326795534, 0.054668691337717235, 0.014519722071446584, 0.09137237318764901, 0.05391002668705136, 0.07363925344969102, 0.08576674200469903, 0.07117502019638877, 0.05157540030216046, 0.039004824705693775, 0.04838431658913667, 0.08715917132718731, 0.10220534042197782, 0.09617088291149667, 0.083930163000566, 0.008841169438897012, 0.040055887581247784, 0.09340589031047575, 0.12143278604244756, 0.1316075606251923, 0.029968805631185536, 0.045297366509534864, 0.050734481932860565, 0.051156482325390495, 0.025457801590677676, 0.058380992880696425, 0.059429558410224015, 0.05196612341681206, 0.03564190039143034, 0.06446261613256654, 0.041585785081140525, 0.04464300020326295, 0.07256732868699567, 0.06950273533692375, 0.0785987199316791, 0.03196917022786172, 0.03916730642650679, 0.01810775587367841, 0.03671461471728188, 0.010787946280768068, 0.08266387753376803, 0.021917218911100544, 0.05821759378675928, 0.07211421596716683, 0.06026422762433015, 0.05722142070773728, 0.052285351225368704, 0.02920099988303182, 0.012141733521544573, 0.023123356499496595, 0.034548114571899546, 0.054363538192159666, 0.07836502636117171, 0.010690433553501633, 0.023511337643952634, 0.01206488350170587, 0.06764373060754991, 0.05546274039896959, 0.04225344922632379, 0.0860275729638631, 0.036657001158627356, 0.033831727708071746, 0.030453329553908226, 0.014965903531463987, 0.07548667867001901, 0.012378673790046646, 0.0093513127679552, 0.051225988192536764, 0.07660450308616706, 0.011910703543127177, 0.06899247247748619, 0.1327843883333384, 0.03319680965893923, 0.05405146193039556, 0.12779192028318098]
------FFMI-----------
[0.38634520506629805, 0.22546418283269962, 0.3038041616418054, 0.5407316180985292, 0.4200810836371202, 0.03838793333109093, 0.38562026831172375, 0.547779391549688, 0.5385955505213397, 0.48421920900326426, 0.36352557179199885, 0.5534689832088178, 0.4028970899865732, 0.23781081580424276, 0.5532689518132278, 0.42553272998371866, 0.15896315520664395, 0.5891677124770819, 0.3105807680179677, 0.4520561373904971, 0.33223379710572104, 0.37588536467409683, 0.4996807412784272, 0.5187798935664445, 0.4435988792898095, 0.5004581399800738, 0.5506471093825738, 0.4504227154042149, 0.34485431627432783, 0.4208897116857089, 0.48084081812416907, 0.1634562970436652, 0.31856420275756453, 0.3214883633279838, 0.4772391204424264, 0.40521593483761925, 0.3783921988981601, 0.19444607082853588, 0.47028606560427777, 0.4282744543061667, 0.43700472004414964, 0.4270447842766016, 0.37179572863792354, 0.2787313988535873, 0.483267867311932, 0.4893069521764183, 0.4420850876740634, 0.28395034650456963, 0.47120996310511554, 0.520467400102047, 0.33907306871536447, 0.3133475811631985, 0.5189178189287297, 0.48220512625568857, 0.39265647719095814, 0.36313650183536844, 0.3506003740337547, 0.5978624293006755, 0.3397271858782437, 0.2988170018653258, 0.47118778285822494, 0.3036238897794163, 0.431445391520748, 0.1997298120973762, 0.5373375437475261, 0.42699087894641086, 0.27770403782876185, 0.04421569323313089, 0.43730767139039467, 0.4289793042863351, 0.3962837747802927, 0.4852928349158201, 0.4479556161982742, 0.4692020154952963, 0.4848573677328853, 0.4035422887452173, 0.07129051098055868, 0.5270970416368161, 0.4808526306870317, 0.40510891380288233, 0.5029519797345589, 0.47291617490965915, 0.5411070075336682, 0.4076964963910329, 0.3532472025652514, 0.603535748283544, 0.5088722573600675, 0.36735725022215304, 0.299556144254169, 0.43939208306379995, 0.571667159076201, 0.28072783841120935, 0.41263933738951586, 0.43082575675769436, 0.3309711547369783, 0.21468649112592098, 0.3254973864166546, 0.289651728131018, 0.5343661949599402, 0.488586185784554, 0.5462947252907027, 0.4438572603150524, 0.3423690451485178, 0.48022538055012703, 0.5458385911601455, 0.40900781605846864, 0.47848795027421887, 0.17440991791034394, 0.5075939082900415, 0.5486377465885507, 0.46760562392547034, 0.40990813565958595, 0.5226292092127117, 0.5468352477542742, 0.56577864238721, 0.5231653347247404, 0.3556126564047024, 0.5228160919108996, 0.5297084251854616, 0.6174352463386555, 0.4744529778962836, 0.4785474144450177, 0.4229405249962206, 0.4246500309499076, 0.38909717953649914, 0.2772966647755272, 0.283096090942009, 0.4680119154070776, 0.46466444565322707, 0.3293891328680675, 0.3985537212458487, 0.2704714901762105, 0.2895960185924669, 0.2515118211222131, 0.3591115161629851, 0.5588772804830457, 0.35960496904558575, 0.4721134287304904, 0.359738986340518, 0.47627142978835063, 0.30450308390996506, 0.31707449194062687, 0.4742654194664239, 0.5282124750269696, 0.618881498868471, 0.07350143793612733, 0.10317170735832948, 0.0807217787479768, 0.38141255513505923, 0.38162482771804535, 0.44226830591909916, 0.40296201797282744, 0.39807871057072086, 0.4133230671774871, 0.43888116324552345, 0.290327839404721, 0.41329167222020047, 0.11632068371599857, 0.31671043245099784, 0.4206168885797164, 0.37630031033038436, 0.2800110207124391, 0.33236743053417633, 0.22918246900349284, 0.16088296722085835, 0.28103370375358516, 0.2685455843077283]

 ----Cluster Analysis----
cluster number :2
silhouette_avg :0.583909336215964
cluster_labels : 
[1, 0, 0, 1, 1, 0, 1, 1, 1, 1, 0, 1, 1, 0, 1, 1, 0, 1, 0, 1, 0, 1, 1, 1, 1, 1, 1, 1, 0, 1, 1, 0, 0, 0, 1, 1, 1, 0, 1, 1, 1, 1, 1, 0, 1, 1, 1, 0, 1, 1, 0, 0, 1, 1, 1, 0, 0, 1, 0, 0, 1, 0, 1, 0, 1, 1, 0, 0, 1, 1, 1, 1, 1, 1, 1, 1, 0, 1, 1, 1, 1, 1, 1, 1, 0, 1, 1, 0, 0, 1, 1, 0, 1, 1, 0, 0, 0, 0, 1, 1, 1, 1, 0, 1, 1, 1, 1, 0, 1, 1, 1, 1, 1, 1, 1, 1, 0, 1, 1, 1, 1, 1, 1, 1, 1, 0, 0, 1, 1, 0, 1, 0, 0, 0, 0, 1, 0, 1, 0, 1, 0, 0, 1, 1, 1, 0, 0, 0, 1, 1, 1, 1, 1, 1, 1, 0, 1, 0, 0, 1, 1, 0, 0, 0, 0, 0, 0]cluster_centers : 
[[0.2674297529180405, 0.0], [0.4714609483037753, 0.0]]
------No of feature after FFMI-----------
60
 ----Cluster Analysis----
cluster number :2
silhouette_avg :0.931497101551708
cluster_labels : 
[1, 0, 0, 0, 0, 0, 0, 0, 0, 0, 0, 0, 0, 0, 0, 0, 0, 0, 0, 0, 0, 0, 0, 0, 0, 0, 0, 0, 0, 0, 0, 0, 0, 0, 0, 0, 0, 0, 0, 0, 0, 0, 0, 0, 0, 0, 0, 0, 0, 0, 0, 0, 0, 0, 0, 0, 0, 0, 0, 0, 0, 0, 0, 0, 0, 0, 0, 0, 0, 0, 0, 0, 0, 0, 0, 0, 0, 0, 0, 0, 0, 0, 0, 0, 0, 0, 0, 0, 0, 0, 0, 0, 0, 0, 0, 0, 0, 0, 0, 0, 0, 0, 0, 0, 0, 0, 0, 0, 0, 0, 0, 0, 0, 0, 0, 0, 0, 0, 0, 0, 0, 0, 0, 0, 0, 0, 0, 0, 0, 0, 0, 0, 0, 0, 0, 0, 0, 0, 0, 0, 0, 0, 0, 0, 0, 0, 0, 0, 0, 0, 0, 0, 0, 0, 0, 0, 0, 0, 0, 0, 0, 0, 0, 0, 0, 0, 0]cluster_centers : 
[[0.05132631006858355, 0.0], [0.5590263861054314, 0.0]]
------No of feature after FCMI-----------
1

----Client : 5----

 fcmi cluster:2

 affmi cluster:2
------FCMI-----------
[0.5258145217708599, 0.02528373880823853, 0.03564479760166339, 0.09709400018499803, 0.052527342659088205, 0.0033435675378283847, 0.03570407424675848, 0.05031709103551618, 0.05010271123778676, 0.04325770608920099, 0.011434260409745267, 0.07225461196668448, 0.05062543109320483, 0.03411907371601686, 0.08761820863010872, 0.08002737146015759, 0.017988275102286178, 0.09837257700241864, 0.031435115770661604, 0.045346227352124124, 0.02183695282037501, 0.02266751388867938, 0.035378779990802744, 0.04833798793845423, 0.024829134279559906, 0.037352310464573435, 0.04985887323362137, 0.04130359961732921, 0.032796288140902075, 0.03656785848156652, 0.026110487143840455, 0.028964657476553857, 0.03604238434238427, 0.01762463482695642, 0.020606150743604612, 0.055721349794199515, 0.07568284952469373, 0.03609817458203546, 0.022079912241168564, 0.034587503795082686, 0.02355634778200244, 0.053479959305910985, 0.04013210261106037, 0.013496296820211917, 0.06328206134408143, 0.060091558815641655, 0.031398263790550995, 0.03137484534707102, 0.05320336054046626, 0.0653289882715713, 0.020157494562823786, 0.019011998107113293, 0.035052260416790215, 0.03604175695781109, 0.02850721421968405, 0.01831342882023046, 0.029167873995580518, 0.051309274769209434, 0.04568969549683777, 0.04114497546442708, 0.015758897739496458, 0.032662979536677295, 0.04384118635068779, 0.02786281061179352, 0.06352763054981247, 0.06644717780062104, 0.046427205737390675, 0.010214863191045254, 0.0732542259964255, 0.03500694515785918, 0.04414918359739062, 0.06732143349763531, 0.045120798321199196, 0.03297659163884381, 0.05993431276959127, 0.04024877280598016, 0.009973127183027897, 0.04789189709956787, 0.07067567458568735, 0.07773121417822182, 0.06973675670527824, 0.03834165507706144, 0.04359811769447841, 0.020227737476648855, 0.033510176426657434, 0.028133976366478297, 0.039785416923095784, 0.07314182771096167, 0.01987811901280212, 0.05487703429498891, 0.032930772130921326, 0.05002212121103122, 0.05471110970167725, 0.040350677443059535, 0.009500968419351441, 0.07597333580644028, 0.0696476241709334, 0.0611142196952148, 0.07015348131990207, 0.08160930992283877, 0.03618608599025164, 0.05159129019231301, 0.03952343036267569, 0.06410142012880815, 0.0724979922097524, 0.06341458289841828, 0.06177454665319271, 0.030867715055506117, 0.05341726238065281, 0.06547586246465986, 0.07657779925989772, 0.06958245830911158, 0.0426619450922221, 0.055804689640297944, 0.04531182486641461, 0.02642560220394552, 0.009663551115774105, 0.048657404741275556, 0.05255778609278572, 0.06083663270627504, 0.0330311737771547, 0.03680301864718194, 0.027676765362939282, 0.04510454315128287, 0.057529678727439304, 0.05326112445439568, 0.06707051938461639, 0.023275263726775908, 0.028432867356571023, 0.009303911143089483, 0.040018316344181404, 0.008258695545703354, 0.07440077124714728, 0.016815543381225595, 0.05080527840301352, 0.059719589500751624, 0.05253711415451168, 0.08439295883276321, 0.062379690223067996, 0.03045877034069422, 0.016302072054262595, 0.013150529496663399, 0.022852611771313036, 0.06643678778739304, 0.06337412342073323, 0.00862980699563054, 0.016644417925241184, 0.011232948816710886, 0.07594906811069713, 0.06544586130774199, 0.02873881042787385, 0.07815009598585698, 0.04089124907657116, 0.038326587073749696, 0.0422344244062578, 0.01166318946736089, 0.06762693353833127, 0.01301515810491427, 0.007335163932807642, 0.029507990813958607, 0.04445822071569383, 0.010346703981034544, 0.05676064148436577, 0.058217481804585525, 0.021359103274117608, 0.03925027918162893, 0.05792739256032098]
------FFMI-----------
[0.35920945526769915, 0.22603714307633227, 0.3113161847138865, 0.5525194165015188, 0.41557557354143426, 0.03046150956565434, 0.3877691461849844, 0.5421949237710941, 0.48044277983813644, 0.49993412474069376, 0.353877971249005, 0.5273934310009378, 0.38253730696653887, 0.24987042534571235, 0.5251356255274297, 0.40348736786529943, 0.1659555258660278, 0.5875343578855662, 0.2948105970091017, 0.4539908206367187, 0.3300232849906155, 0.4019226357016093, 0.511594239093547, 0.5505640946986136, 0.4399414540515591, 0.48044396934121875, 0.5692799819069436, 0.44470415143302977, 0.34708052428567027, 0.4143914217106272, 0.5123757928640136, 0.14566857918817616, 0.34692202667611, 0.3828869365409543, 0.4590431559873262, 0.49629709208788, 0.3933335773146239, 0.192182274225485, 0.45483556932612207, 0.45901900712489874, 0.421056070347155, 0.44787481076780444, 0.3640390499090406, 0.265250423487929, 0.42459563040795345, 0.46930371361116885, 0.431400268040423, 0.2969666249077446, 0.47349423237991056, 0.5047111752092471, 0.3436103589408445, 0.31513010399531466, 0.5362023246660276, 0.4969411044088164, 0.3613682565596162, 0.367547053318134, 0.33831332247767343, 0.5895055509726719, 0.3366531375852511, 0.29098038005322874, 0.4712289192371087, 0.31590426010163647, 0.4410198737740066, 0.192689483041564, 0.5291715884794455, 0.43161630625997494, 0.29581291642721197, 0.04954942865034886, 0.44993026988379997, 0.443075083573082, 0.39278204425384494, 0.5100306346548864, 0.4941297598594955, 0.4680597267817539, 0.4628818937139467, 0.3792234293226595, 0.0686806363859912, 0.5301259684616633, 0.4591389668129901, 0.39716699630064395, 0.4998424669293672, 0.500404282013293, 0.5419397307479573, 0.42191401407601503, 0.34215021112132993, 0.5918111858350057, 0.5134632760030389, 0.38214632420735367, 0.2814861245602721, 0.44255571841451546, 0.5716529457044187, 0.28499603622589875, 0.40663071963959585, 0.4401894610321474, 0.32713736632710255, 0.21852373481623055, 0.3409231119643616, 0.26949652975247984, 0.5586504396271972, 0.5029067677815731, 0.5351829277084631, 0.47104125975989286, 0.3341915626113369, 0.46117331095999453, 0.517623873617422, 0.40518433889107797, 0.41158829298404326, 0.19277886113201992, 0.49016706982917657, 0.5260039543160088, 0.41796444378100506, 0.36790780045082333, 0.543027292788375, 0.5793109620840627, 0.5826636155111541, 0.4955592706492405, 0.3409807054040189, 0.5319112525812111, 0.5243416132140899, 0.6203625657296665, 0.47823508498607686, 0.4650715808527994, 0.4223983844303859, 0.43626081250780147, 0.40806470098464653, 0.2957975998422181, 0.29487941554274155, 0.47131448583043084, 0.4736335686814418, 0.34572774040842214, 0.40338948402870645, 0.2607359501167319, 0.28713193043892815, 0.260401107425475, 0.333723232270535, 0.5366753579226472, 0.37745230086015213, 0.4830053370306901, 0.3694540307411271, 0.4958651436526767, 0.31907563600258737, 0.34009992723885074, 0.4591438367726898, 0.5613696433897621, 0.6028628535178292, 0.06694657953804051, 0.09149352307124542, 0.05970014292572682, 0.38471362402519965, 0.3995791198539335, 0.4262353394695256, 0.5105324804369069, 0.4261437450054373, 0.4478021692623204, 0.4481291978420823, 0.33989697389218126, 0.45293516799486155, 0.11289412327073732, 0.29787032577942163, 0.41423849455228956, 0.38944083460288564, 0.30311580133942345, 0.32081857681493486, 0.2776575096570746, 0.21177542728600265, 0.2681760748033165, 0.2413856359786744]

 ----Cluster Analysis----
cluster number :2
silhouette_avg :0.5836691939930486
cluster_labels : 
[0, 0, 0, 1, 1, 0, 1, 1, 1, 1, 0, 1, 1, 0, 1, 1, 0, 1, 0, 1, 0, 1, 1, 1, 1, 1, 1, 1, 0, 1, 1, 0, 0, 1, 1, 1, 1, 0, 1, 1, 1, 1, 0, 0, 1, 1, 1, 0, 1, 1, 0, 0, 1, 1, 0, 0, 0, 1, 0, 0, 1, 0, 1, 0, 1, 1, 0, 0, 1, 1, 1, 1, 1, 1, 1, 1, 0, 1, 1, 1, 1, 1, 1, 1, 0, 1, 1, 1, 0, 1, 1, 0, 1, 1, 0, 0, 0, 0, 1, 1, 1, 1, 0, 1, 1, 1, 1, 0, 1, 1, 1, 0, 1, 1, 1, 1, 0, 1, 1, 1, 1, 1, 1, 1, 1, 0, 0, 1, 1, 0, 1, 0, 0, 0, 0, 1, 1, 1, 0, 1, 0, 0, 1, 1, 1, 0, 0, 0, 1, 1, 1, 1, 1, 1, 1, 0, 1, 0, 0, 1, 1, 0, 0, 0, 0, 0, 0]cluster_centers : 
[[0.27139738108280786, 0.0], [0.4740143435918334, 0.0]]
------No of feature after FFMI-----------
61
 ----Cluster Analysis----
cluster number :2
silhouette_avg :0.9444018180742424
cluster_labels : 
[1, 0, 0, 0, 0, 0, 0, 0, 0, 0, 0, 0, 0, 0, 0, 0, 0, 0, 0, 0, 0, 0, 0, 0, 0, 0, 0, 0, 0, 0, 0, 0, 0, 0, 0, 0, 0, 0, 0, 0, 0, 0, 0, 0, 0, 0, 0, 0, 0, 0, 0, 0, 0, 0, 0, 0, 0, 0, 0, 0, 0, 0, 0, 0, 0, 0, 0, 0, 0, 0, 0, 0, 0, 0, 0, 0, 0, 0, 0, 0, 0, 0, 0, 0, 0, 0, 0, 0, 0, 0, 0, 0, 0, 0, 0, 0, 0, 0, 0, 0, 0, 0, 0, 0, 0, 0, 0, 0, 0, 0, 0, 0, 0, 0, 0, 0, 0, 0, 0, 0, 0, 0, 0, 0, 0, 0, 0, 0, 0, 0, 0, 0, 0, 0, 0, 0, 0, 0, 0, 0, 0, 0, 0, 0, 0, 0, 0, 0, 0, 0, 0, 0, 0, 0, 0, 0, 0, 0, 0, 0, 0, 0, 0, 0, 0, 0, 0]cluster_centers : 
[[0.043126432759718544, 0.0], [0.5258145217708599, 0.0]]
------No of feature after FCMI-----------
1

----Global feature subset----
ID,f166,f132,f95,f126,f163,f111,f87,f138,f125ID,f166,f132,f95,f126,f163,f111,f87,f138,f125
 number of global feature subset :10

----Learning on Global features--------
 Client : 1----

 knn-3 :0.996268656716418

 knn-5 :0.996268656716418

 roc_auc_score :1.0

----Learning on Global features--------
 Client : 2----

 knn-3 :0.996268656716418

 knn-5 :0.996268656716418

 roc_auc_score :1.0

----Learning on Global features--------
 Client : 3----

 knn-3 :1.0

 knn-5 :1.0

 roc_auc_score :1.0

----Learning on Global features--------
 Client : 4----

 knn-3 :0.9888059701492538

 knn-5 :0.9888059701492538

 roc_auc_score :1.0

----Learning on Global features--------
 Client : 5----

 knn-3 :1.0

 knn-5 :1.0

 roc_auc_score :1.0
