
---------command line arguments-----------
 Output file :output_nsl_2_2_iid_5.txt
 Fcmi cluster number :2
 Ffmi cluster number :2
 dataset name :nsl
 dataset type :iid
 number of clients :5
-----------------------------------------
 
----Client : 1----

 fcmi cluster:2

 affmi cluster:2
------FCMI-----------
[0.005888493972929343, 4.405534173590464e-05, 0.0004865184734053063, 1.0398379885145914e-05, 0.009220941675919914, 3.621318767754733e-05, 0.0027805364527220267, 0.00016056927952190492, 0.40119444226761947, 0.00047092869550069416, 0.0003830151841210938, 0.0005134758585942922, 0.00047092869550069416, 0.00029759372100457426, 0.00015712596588257632, 0.0027920362878988136, 0.0, 3.621318767754733e-05, 0.0011209950514943223, 0.3389979351254069, 0.03891617839207884, 0.37108170224003434, 0.37222306340452027, 0.04818841360467552, 0.048019085568511644, 0.4943923847369529, 0.02341084674214411, 0.08517532136660622, 0.16194197491600804, 0.45618175855610055, 0.4238316142141114, 0.023810417399801054, 0.03475928247088822, 0.027551831526190007, 0.3864489736255825, 0.38584561047411814, 0.04704674602347758, 0.06246229832890693]
------FFMI-----------
[0.007954310988610987, 9.640705681462301e-05, 0.00022516327111310927, 0.0001421272109073284, 0.003802580014386797, 2.9895846923629664e-05, 0.004754423793918601, 0.0004648201356598027, 0.09062691914008197, 0.0010604517528617833, 0.0009731265921031917, 0.0010144025038887172, 0.0010604517528617833, 0.0004754951644720949, 0.00022698824558890586, 0.001671941909337018, 0.0, 3.4497525907389284e-05, 0.0041690572611270986, 0.11906693127545302, 0.02839224758982309, 0.14349448300744547, 0.1392677428146008, 0.06281166987693702, 0.06062060382110116, 0.1468806834924544, 0.026813137505916112, 0.04013549732315318, 0.06867066395301068, 0.14000914186676594, 0.1541168044131574, 0.03310829425538396, 0.04647377595283544, 0.022408740550734343, 0.14547984200775582, 0.14068182695526885, 0.06542484237871932, 0.06167271913741434]

 ----Cluster Analysis----
cluster number :2
silhouette_avg :0.7557648434938485
cluster_labels : 
[0, 0, 0, 0, 0, 0, 0, 0, 1, 0, 0, 0, 0, 0, 0, 0, 0, 0, 0, 1, 0, 1, 1, 0, 0, 1, 0, 0, 0, 1, 1, 0, 0, 0, 1, 1, 0, 0]cluster_centers : 
[[0.018782356323155565, 0.0], [0.13551381944144264, 0.0]]
------No of feature after FFMI-----------
29
 ----Cluster Analysis----
cluster number :2
silhouette_avg :0.8951269410744341
cluster_labels : 
[0, 0, 0, 0, 0, 0, 0, 0, 1, 0, 0, 0, 0, 0, 0, 0, 0, 0, 0, 1, 0, 1, 1, 0, 0, 1, 0, 0, 0, 1, 1, 0, 0, 0, 1, 1, 0, 0]cluster_centers : 
[[0.021591463301750408, 0.0], [0.4033552760716051, 0.0]]
------No of feature after FCMI-----------
9

----Client : 2----

 fcmi cluster:2

 affmi cluster:2
------FCMI-----------
[0.006179289337202132, 8.739244113242783e-05, 0.00017400132147571412, 4.986524058225861e-05, 0.009543608994392772, 3.65296687894201e-05, 0.0027677009340130176, 0.00011687693638573471, 0.40870138609146434, 0.00036538847233091865, 9.684047732960721e-05, 0.00047504480564719564, 0.00036538847233091865, 0.0003316375602382404, 0.00015501832568243223, 0.002142828824927445, 0.0, 0.0, 0.0013653462623384183, 0.3396892647584697, 0.03867304070955946, 0.3762987364140171, 0.3794935151079153, 0.05128713189680911, 0.052119226956660825, 0.4946353667966288, 0.02144192683695101, 0.0850141721702482, 0.15277783554860402, 0.4684531424751759, 0.4225135158208704, 0.022455487963689125, 0.033953685358666164, 0.027989006989346477, 0.38280110330227046, 0.3862663018958137, 0.050424678074303175, 0.062121386737964635]
------FFMI-----------
[0.007834522511560709, 9.156643107790526e-05, 0.00019484912447702526, 0.00018893019778288645, 0.003782094470876629, 3.4678154928453966e-05, 0.00507850221162921, 0.0004108830103264295, 0.09185352938266798, 0.0008142988726517656, 0.0007420001998786339, 0.0007897790996397392, 0.0008142988726517656, 0.000567017901125515, 0.00026875901870686904, 0.0012769560453112856, 0.0, 0.0, 0.0045715810926594365, 0.11864977908450423, 0.026579814217082293, 0.14377493568257835, 0.1410258285042, 0.06174407941982907, 0.060203011481721413, 0.14778283634899367, 0.025184498598119016, 0.04112293686431558, 0.06822725418388996, 0.14152007856613968, 0.15441902476313088, 0.03183990028640236, 0.046538900149421275, 0.022917309686129192, 0.14437627497389163, 0.1416269708895373, 0.06399418492759401, 0.06075123406767604]

 ----Cluster Analysis----
cluster number :2
silhouette_avg :0.7619067578086485
cluster_labels : 
[0, 0, 0, 0, 0, 0, 0, 0, 1, 0, 0, 0, 0, 0, 0, 0, 0, 0, 0, 1, 0, 1, 1, 0, 0, 1, 0, 0, 0, 1, 1, 0, 0, 0, 1, 1, 0, 0]cluster_centers : 
[[0.018502201417153946, 0.0], [0.13611436202173818, 0.0]]
------No of feature after FFMI-----------
29
 ----Cluster Analysis----
cluster number :2
silhouette_avg :0.8968530638182357
cluster_labels : 
[0, 0, 0, 0, 0, 0, 0, 0, 1, 0, 0, 0, 0, 0, 0, 0, 0, 0, 0, 1, 0, 1, 1, 0, 0, 1, 0, 0, 0, 1, 1, 0, 0, 0, 1, 1, 0, 0]cluster_centers : 
[[0.02146587370060693, 0.0], [0.406539148073625, 0.0]]
------No of feature after FCMI-----------
9

----Client : 3----

 fcmi cluster:2

 affmi cluster:2
------FCMI-----------
[0.005816347559215007, 0.00010755144318308485, 0.0003662756272924117, 1.4753320712657114e-05, 0.009879163205164465, 0.00010721173288230634, 0.0030048292545601374, 0.00014357784780272276, 0.3987623303023897, 0.00010721173288230634, 0.000506806833586948, 0.0005720019114507924, 0.00010721173288230634, 0.0003935339116312164, 0.00014295293695587574, 0.0019384650567928485, 0.0, 0.0, 0.001108822157082967, 0.3460011531435585, 0.04042118876882128, 0.38277505760626407, 0.38357194131693073, 0.04604758914868312, 0.04776304936960818, 0.49393912487533287, 0.022124085448219644, 0.0794714632775606, 0.15837753437976643, 0.4714301391191351, 0.4300543195367603, 0.023383012660577185, 0.03529186604958534, 0.027609493770163862, 0.39065415485446486, 0.3940039411012979, 0.04555920474329378, 0.06106741224900869]
------FFMI-----------
[0.0078872030074608, 0.00011483534017212935, 0.00023201597221914825, 0.00010486917098279893, 0.0036770449786891115, 0.00016377521299228726, 0.005060709637278473, 0.00042674185685737944, 0.09051757613981283, 0.00022705466856367233, 0.0005879713845111336, 0.0005716814642918505, 0.00022705466856367233, 0.0004587958186822394, 8.735971178155285e-05, 0.0007832642591693296, 0.0, 0.0, 0.004557979692756029, 0.12137915814989746, 0.0270769633584528, 0.145732190784272, 0.14184802297842755, 0.062219125304881655, 0.06034191842082644, 0.14776887388941357, 0.02590209453666814, 0.038337057329745794, 0.06904483717405516, 0.14088993054193452, 0.15433948778283854, 0.033493381251395, 0.046832926826486994, 0.02284494483288943, 0.14657132888299743, 0.142568659172841, 0.06423758205561458, 0.06151206537986872]

 ----Cluster Analysis----
cluster number :2
silhouette_avg :0.760766415790434
cluster_labels : 
[0, 0, 0, 0, 0, 0, 0, 0, 1, 0, 0, 0, 0, 0, 0, 0, 0, 0, 0, 1, 0, 1, 1, 0, 0, 1, 0, 0, 0, 1, 1, 0, 0, 0, 1, 1, 0, 0]cluster_centers : 
[[0.018517629424684705, 0.0], [0.13684613648027055, 0.0]]
------No of feature after FFMI-----------
29
 ----Cluster Analysis----
cluster number :2
silhouette_avg :0.9005716200937602
cluster_labels : 
[0, 0, 0, 0, 0, 0, 0, 0, 1, 0, 0, 0, 0, 0, 0, 0, 0, 0, 0, 1, 0, 1, 1, 0, 0, 1, 0, 0, 0, 1, 1, 0, 0, 0, 1, 1, 0, 0]cluster_centers : 
[[0.02108388331480572, 0.0], [0.41013246242845935, 0.0]]
------No of feature after FCMI-----------
9

----Client : 4----

 fcmi cluster:2

 affmi cluster:2
------FCMI-----------
[0.005833737927169347, 4.412472293047198e-05, 4.412472293047198e-05, 0.0001352585637943715, 0.010621953086198621, 8.027510504560187e-05, 0.002365319776257202, 0.0002410160719394927, 0.4092955014870576, 0.0003616174152503149, 0.0005605067069871517, 0.0006510562578627699, 0.0003616174152503149, 0.0006739007863254542, 0.0003616174152505369, 0.002250708465398654, 0.0, 0.0, 0.0011795729020438461, 0.3406629865862487, 0.041518300036197164, 0.37255199619376667, 0.3721274109877668, 0.055116027160478254, 0.05508039704422285, 0.49277538020000256, 0.020766512424138517, 0.08594331137403244, 0.1540959822676129, 0.4619695857647903, 0.41880759780465526, 0.02386932417353349, 0.031180448037454678, 0.026496835255565898, 0.3828135360271494, 0.38243705057473987, 0.05410344183472482, 0.0681470241929556]
------FFMI-----------
[0.007635943623113715, 5.187797634035765e-05, 4.221833464461392e-05, 0.00022653789145190477, 0.004046137132618043, 4.403460148551025e-05, 0.004021001675615341, 0.00035330422030361257, 0.09148053783289747, 0.0007905822356997293, 0.0008888394158181648, 0.0008990627919066069, 0.000790390992138828, 0.0007307816819019339, 0.00015795334655116744, 0.0012395443291122856, 0.0, 0.0, 0.003994610320831212, 0.1199831986667973, 0.027397531014884915, 0.14346783826809245, 0.13942984841174236, 0.0622211874600708, 0.059710026646374224, 0.14719215070049366, 0.025706124845670135, 0.040101008399392166, 0.0675769980645799, 0.14081302669942736, 0.15388611417167475, 0.033518283175232234, 0.0459422408825648, 0.021309921632059383, 0.14517143975874433, 0.14041266966369967, 0.06475124214994604, 0.06100895868055574]

 ----Cluster Analysis----
cluster number :2
silhouette_avg :0.7611478665985625
cluster_labels : 
[0, 0, 0, 0, 0, 0, 0, 0, 1, 0, 0, 0, 0, 0, 0, 0, 0, 0, 0, 1, 0, 1, 1, 0, 0, 1, 0, 0, 0, 1, 1, 0, 0, 0, 1, 1, 0, 0]cluster_centers : 
[[0.018453667017960817, 0.0], [0.13575964713039657, 0.0]]
------No of feature after FFMI-----------
29
 ----Cluster Analysis----
cluster number :2
silhouette_avg :0.8940609774740725
cluster_labels : 
[0, 0, 0, 0, 0, 0, 0, 0, 1, 0, 0, 0, 0, 0, 0, 0, 0, 0, 0, 1, 0, 1, 1, 0, 0, 1, 0, 0, 0, 1, 1, 0, 0, 0, 1, 1, 0, 0]cluster_centers : 
[[0.022140827970398305, 0.0], [0.40371567173624184, 0.0]]
------No of feature after FCMI-----------
9

----Client : 5----

 fcmi cluster:2

 affmi cluster:2
------FCMI-----------
[0.004615274087341303, 8.510167498576582e-05, 8.510167498576582e-05, 1.3760555359954019e-05, 0.008817640484157785, 8.510167498576582e-05, 0.001227392366767166, 0.00017253465664657242, 0.40588027642486435, 0.0004516416949795765, 0.00024340817486656618, 0.0005559113362560986, 0.0004516416949795765, 0.0007009360514078633, 4.387735179101071e-05, 0.001909997449570433, 0.0, 0.0, 0.001079238124633397, 0.34181623490848256, 0.039219190903552636, 0.37379390989876926, 0.37528868221291445, 0.0528123427924756, 0.05272686471618471, 0.4893317362334164, 0.02339463219304183, 0.08432801582375316, 0.15465846623605772, 0.46726379811367336, 0.4240304309905465, 0.022343533363985202, 0.03372467679160396, 0.025857358956681953, 0.38336845829472166, 0.38627331803060194, 0.05223938603890743, 0.06628246133547067]
------FFMI-----------
[0.007418795417107872, 7.10881207347798e-05, 8.102270266373842e-05, 7.806641227238407e-05, 0.003118599129840401, 5.68869433144195e-05, 0.0030225169754055656, 0.000368283362060729, 0.09147583405289393, 0.0009181052731907028, 0.0008245333864921436, 0.0008597486855428099, 0.000895457148487231, 0.000867872181184892, 0.00020148642776100513, 0.0013629933654798444, 0.0, 0.0, 0.0035020248481380267, 0.11858631139633562, 0.026172048237246354, 0.14367832906439768, 0.13935132155873228, 0.0636146145271451, 0.06098479321187588, 0.1464879095382358, 0.02724875878900881, 0.04004672560113996, 0.06732524454648615, 0.14004222054126503, 0.1524497231737222, 0.03326403892324598, 0.0453630412471266, 0.021694784213204327, 0.14432299577519359, 0.14057147399856185, 0.0654648985667923, 0.06235200694357496]

 ----Cluster Analysis----
cluster number :2
silhouette_avg :0.7576328085201895
cluster_labels : 
[0, 0, 0, 0, 0, 0, 0, 0, 1, 0, 0, 0, 0, 0, 0, 0, 0, 0, 0, 1, 0, 1, 1, 0, 0, 1, 0, 0, 0, 1, 1, 0, 0, 0, 1, 1, 0, 0]cluster_centers : 
[[0.018523394316776652, 0.0], [0.13521845767770424, 0.0]]
------No of feature after FFMI-----------
29
 ----Cluster Analysis----
cluster number :2
silhouette_avg :0.8958629571825104
cluster_labels : 
[0, 0, 0, 0, 0, 0, 0, 0, 1, 0, 0, 0, 0, 0, 0, 0, 0, 0, 0, 1, 0, 1, 1, 0, 0, 1, 0, 0, 0, 1, 1, 0, 0, 0, 1, 1, 0, 0]cluster_centers : 
[[0.021659499593290665, 0.0], [0.4052274272342211, 0.0]]
------No of feature after FCMI-----------
9

----Global feature subset----
same_srv_rate,dst_host_srv_count,dst_host_same_srv_rate,logged_in,dst_host_srv_serror_rate,dst_host_serror_rate,srv_serror_rate,serror_rate,count,dst_host_countsame_srv_rate,dst_host_srv_count,dst_host_same_srv_rate,logged_in,dst_host_srv_serror_rate,dst_host_serror_rate,srv_serror_rate,serror_rate,count,dst_host_count
 number of global feature subset :10

----Learning on Global features--------
 Client : 1----

 knn-3 :0.9368

 knn-5 :0.9356

 roc_auc_score :0.9578327540978511

----Learning on Global features--------
 Client : 2----

 knn-3 :0.9422

 knn-5 :0.9404

 roc_auc_score :0.9599737248181686

----Learning on Global features--------
 Client : 3----

 knn-3 :0.9402

 knn-5 :0.9418

 roc_auc_score :0.9594672615381808

----Learning on Global features--------
 Client : 4----

 knn-3 :0.9372

 knn-5 :0.9338

 roc_auc_score :0.9543519047768083

----Learning on Global features--------
 Client : 5----

 knn-3 :0.934167468719923

 knn-5 :0.9326275264677575

 roc_auc_score :0.9589467764373575
