
---------command line arguments-----------
 Output file :output_hillvalley_2_2_iid_5.txt
 Fcmi cluster number :2
 Ffmi cluster number :2
 dataset name :hillvalley
 dataset type :iid
 number of clients :5
-----------------------------------------
 
----Client : 1----

 fcmi cluster:2

 affmi cluster:2
------FCMI-----------
[0.03735377953725072, 0.029782615229509535, 0.035256940104029244, 0.026566740673612088, 0.032229859793066584, 0.03551988219960389, 0.03902609211571395, 0.045916078156081674, 0.0392576009923471, 0.03511233694914262, 0.045232574627560584, 0.04263734777694683, 0.03793694599846953, 0.06078606430043054, 0.04622074449825053, 0.03481786411484711, 0.028763494728774486, 0.047046889091669986, 0.03539370846007284, 0.0273635177829048, 0.047837486792796646, 0.034086685534489014, 0.021749385809848754, 0.02643905497183896, 0.03649017669331078, 0.038401260836151696, 0.02904420379348993, 0.03970301229465356, 0.02183992105332555, 0.03724621994111432, 0.05061681154766973, 0.022215772020688362, 0.03298444080887908, 0.021466898566155024, 0.022838531927093175, 0.041529587516306865, 0.024256984852191188, 0.04008506025772318, 0.03355431160351552, 0.020763816096621035, 0.027821922542279776, 0.05837482471645483, 0.025729094861175916, 0.03179012205326348, 0.05199861138743156, 0.04118104741012951, 0.05143029614672523, 0.042131368120921664, 0.05835475883184538, 0.028087526569992693, 0.057217541774842395, 0.044208243590767804, 0.0449821770136376, 0.04906427590513962, 0.05066008101657138, 0.03697192638988822, 0.04744638884890051, 0.03225633015576301, 0.03618518080025401, 0.061490407627994514, 0.023983597794244638, 0.022870200246517758, 0.04344473340412325, 0.03674644254483228, 0.029510125343952254, 0.032233922530205295, 0.030507928757634417, 0.01695990093603328, 0.03410521430317148, 0.015208608693272563, 0.026814715678999068, 0.03640972951709953, 0.018891765291628726, 0.02953869055807168, 0.02112208234221402, 0.03610799399505993, 0.03625549133748596, 0.029843228213393136, 0.03907943794059765, 0.029545824558967926, 0.04758907007270796, 0.03765879301784869, 0.029306282165696196, 0.03546920875595738, 0.03112595577724875, 0.023225154471239406, 0.037289355366176835, 0.023006999687277485, 0.02346737753616912, 0.04466212858544649, 0.0298132568523779, 0.03206941523022344, 0.021645648605198353, 0.03907790833309477, 0.020971201188988875, 0.03289112905405833, 0.025867417194436193, 0.04381714564687078, 0.03921049758611472, 0.049677041134617905]
------FFMI-----------
[0.9733922927593133, 0.964251644891835, 0.9099410795085431, 0.9663973905206278, 0.9686654657124215, 0.9598680304904547, 0.9656980576430929, 0.950993408013291, 0.9378595777558988, 0.897197254701601, 0.933025383983544, 0.9758235474964285, 0.970877949945167, 0.9485809890963819, 0.974753001662067, 0.9743563496793264, 0.9635276644842963, 0.9291304442170056, 0.9482666354158603, 0.9692109247447956, 0.9198153562847765, 0.9466188946047269, 0.94173774873862, 0.9532970890585257, 0.9620155604842193, 0.9608556243675727, 0.9559987139681132, 0.9442474224027562, 0.9393877341875553, 0.9575077196844599, 0.9371084517305345, 0.9451660847183497, 0.9481902072847818, 0.9249932393023239, 0.9205535620197802, 0.9413323325941322, 0.9344367726941013, 0.9016913937681902, 0.9442502895601192, 0.9386237157604632, 0.9173221623067759, 0.8979531397283408, 0.9037269982894787, 0.9200572759474206, 0.9318240919621169, 0.9605430528175696, 0.96307365749851, 0.9651975127414129, 0.954606596127319, 0.9657525570620337, 0.9642606396247612, 0.9704544143860265, 0.9444079608377813, 0.9611671412076578, 0.9736441559644905, 0.973052088798945, 0.9421843578594932, 0.9496411258782467, 0.9160672572630576, 0.9626590431802946, 0.8971799339944599, 0.9110138021354588, 0.9092157484477167, 0.9314637680742999, 0.9353435015697685, 0.8940948252374877, 0.8678952097144875, 0.9189156350182597, 0.8783864010521019, 0.9262924855053474, 0.9267550314623533, 0.8845026339055297, 0.8202537813271228, 0.8863447585129519, 0.8482506453091421, 0.9149656857267344, 0.9368901593553927, 0.9233752961505866, 0.9695938135437354, 0.9238171888241616, 0.95228428258466, 0.9263429581115673, 0.9080197060068117, 0.923789458266265, 0.9422820742081564, 0.9212728614436384, 0.9243874215635226, 0.9477815705817193, 0.9459705935402166, 0.9204523985337734, 0.9460623878152694, 0.9387086931470134, 0.9513270792353777, 0.9593414058274814, 0.9607751320224961, 0.9667975839629508, 0.9549356207517868, 0.964090300726662, 0.9606522495413506, 0.9592120996875443]

 ----Cluster Analysis----
cluster number :2
silhouette_avg :0.603474382444829
cluster_labels : 
[1, 1, 0, 1, 1, 1, 1, 1, 1, 0, 1, 1, 1, 1, 1, 1, 1, 0, 1, 1, 0, 1, 1, 1, 1, 1, 1, 1, 1, 1, 1, 1, 1, 0, 0, 1, 1, 0, 1, 1, 0, 0, 0, 0, 1, 1, 1, 1, 1, 1, 1, 1, 1, 1, 1, 1, 1, 1, 0, 1, 0, 0, 0, 1, 1, 0, 0, 0, 0, 0, 0, 0, 0, 0, 0, 0, 1, 0, 1, 0, 1, 0, 0, 0, 1, 0, 0, 1, 1, 0, 1, 1, 1, 1, 1, 1, 1, 1, 1, 1]cluster_centers : 
[[0.906293324399611, 0.0], [0.9545803543675208, 0.0]]
------No of feature after FFMI-----------
34
 ----Cluster Analysis----
cluster number :2
silhouette_avg :0.5441693545291707
cluster_labels : 
[0, 0, 0, 0, 0, 0, 1, 1, 1, 0, 1, 1, 0, 1, 1, 0, 0, 1, 0, 0, 1, 0, 0, 0, 0, 1, 0, 1, 0, 0, 1, 0, 0, 0, 0, 1, 0, 1, 0, 0, 0, 1, 0, 0, 1, 1, 1, 1, 1, 0, 1, 1, 1, 1, 1, 0, 1, 0, 0, 1, 0, 0, 1, 0, 0, 0, 0, 0, 0, 0, 0, 0, 0, 0, 0, 0, 0, 0, 1, 0, 1, 0, 0, 0, 0, 0, 0, 0, 0, 1, 0, 0, 0, 1, 0, 0, 0, 1, 1, 1]cluster_centers : 
[[0.029390443848648345, 0.0], [0.046554131311406816, 0.0]]
------No of feature after FCMI-----------
35

----Client : 2----

 fcmi cluster:2

 affmi cluster:2
------FCMI-----------
[0.03587523469977327, 0.027300150471618156, 0.04358841569124294, 0.04762318931818266, 0.0618753565438146, 0.049038255808161235, 0.04256560703353873, 0.03079873520927423, 0.050146555787677016, 0.02545519776298555, 0.030340345942792446, 0.025771835470718596, 0.019908780322187347, 0.026038364224204802, 0.02723381301207839, 0.06224275181317296, 0.04551634264025717, 0.020236267375574712, 0.04743183800749007, 0.04264370983331078, 0.02334280030628877, 0.030789452544272233, 0.02334280030628877, 0.05027116284655486, 0.0395520753836518, 0.03517423688410748, 0.02015446473836846, 0.024128280065406127, 0.02921123461445818, 0.03445197633472974, 0.0348649547099269, 0.028056751021715343, 0.02655663589167334, 0.02411358381986828, 0.03015445223287383, 0.028760197091713735, 0.030830619974920204, 0.02334280030628877, 0.047132186584347924, 0.02874733838365895, 0.025745989893479315, 0.03755850926544291, 0.04264370983331034, 0.038981767630486885, 0.033324111041168614, 0.018363320821416895, 0.019087521634753912, 0.031108063504449834, 0.036231983248633526, 0.03647337808318385, 0.029298620079231785, 0.030260312221755736, 0.046189411647679535, 0.020503475467223087, 0.05767967749585656, 0.047259640559068394, 0.03890173390945151, 0.015790524735837863, 0.022597719045690745, 0.023233331785057487, 0.030341737050695983, 0.013617645692246327, 0.04582542020681846, 0.02252225338859626, 0.02884367905112395, 0.027646173132780394, 0.023268382401305576, 0.0340022881456159, 0.029623594735160186, 0.027721638789873992, 0.021603583571673912, 0.028653894421084125, 0.022174299806170694, 0.012330428995637188, 0.026887250537555918, 0.017953742916522852, 0.021618890534061297, 0.01620149374863633, 0.01765045436666135, 0.01672221367043658, 0.029300011187135766, 0.023151448995595736, 0.026555635907632436, 0.06628865585205812, 0.016756903020745728, 0.04197737430984416, 0.027644782024876413, 0.0245382490941628, 0.04230791826330682, 0.02855020200988223, 0.022253654189044347, 0.021469853752130952, 0.02618280448351573, 0.03587523469977372, 0.014784860578003656, 0.022969968882172953, 0.045845965176992465, 0.03738090060858701, 0.030111275439825835, 0.017940047071265397]
------FFMI-----------
[1.0424696544944247, 1.0422699205151444, 1.0459260002498971, 1.039914410853662, 1.0358070674977766, 1.0472686457347955, 1.0406726618376947, 1.0418647355303627, 1.0392312621363073, 1.0252958876589158, 1.0329250816718256, 1.0089857971711114, 1.0120689190076357, 1.0354601457542822, 1.0305722951400902, 1.0104808127960034, 1.026726678805689, 1.032449576687035, 1.043441665549316, 1.0233102202991886, 1.0370484182090924, 1.0256536004742862, 1.0434507369166588, 1.0370972981025621, 1.034052594458945, 1.0182518535832052, 0.9938364185261829, 0.9915969953451921, 1.0457447764941339, 1.0012140650350991, 1.0117266348426635, 1.0046216020034548, 1.006093416554042, 1.0272194114273245, 1.0227724156914673, 1.0171765111488513, 1.0080039180690612, 1.0006129537337851, 1.0017357549515087, 1.00144150986503, 0.9878747944678044, 0.9868294051480074, 1.0078346550169324, 0.992019714684448, 1.0192928800183034, 1.023113864376517, 1.0004876321909828, 1.0188193145269289, 1.0114623433242913, 1.0284696724695992, 1.033352342051034, 1.020402370977456, 1.0271825648753339, 1.0282845014715685, 1.0371057177208545, 1.0275707755023133, 0.9986822445161108, 0.9777811782114165, 1.0000596112737308, 1.0167544870476952, 1.0225823041587783, 1.00324962750972, 1.040607387451157, 1.0267087698780877, 1.0239511594238504, 1.0312652892589091, 1.0235759252081618, 1.0268912876668612, 1.0045205795571215, 0.990172458354095, 0.9870270055439846, 1.0251147298601395, 1.0154020135355788, 0.9715822857659613, 1.0303385281833777, 1.0088240225929666, 1.0316256677040583, 1.0247617144648289, 1.0221237318903602, 1.0157387935687407, 1.0130196953121873, 1.0382870981964853, 1.0213206822443632, 1.0326225952298802, 1.0108199198751442, 1.0133335383051718, 1.0280863665150286, 1.0264563466768295, 1.0472170784276709, 1.0240564209133172, 1.0378680922515677, 1.024407690602789, 1.0217716288923435, 1.0274488502757337, 1.0153824719258677, 1.0400699784064817, 1.0294385001426918, 1.0379629709619707, 1.0324330639492212, 1.0205186089714222]

 ----Cluster Analysis----
cluster number :2
silhouette_avg :0.6082569741574841
cluster_labels : 
[1, 1, 1, 1, 1, 1, 1, 1, 1, 1, 1, 0, 0, 1, 1, 0, 1, 1, 1, 1, 1, 1, 1, 1, 1, 1, 0, 0, 1, 0, 0, 0, 0, 1, 1, 1, 0, 0, 0, 0, 0, 0, 0, 0, 1, 1, 0, 1, 0, 1, 1, 1, 1, 1, 1, 1, 0, 0, 0, 1, 1, 0, 1, 1, 1, 1, 1, 1, 0, 0, 0, 1, 0, 0, 1, 0, 1, 1, 1, 0, 0, 1, 1, 1, 0, 0, 1, 1, 1, 1, 1, 1, 1, 1, 0, 1, 1, 1, 1, 1]cluster_centers : 
[[1.0018977290759128, 0.0], [1.0308171891782865, 0.0]]
------No of feature after FFMI-----------
34
 ----Cluster Analysis----
cluster number :2
silhouette_avg :0.6308310052553235
cluster_labels : 
[1, 0, 1, 1, 1, 1, 1, 0, 1, 0, 0, 0, 0, 0, 0, 1, 1, 0, 1, 1, 0, 0, 0, 1, 1, 1, 0, 0, 0, 0, 1, 0, 0, 0, 0, 0, 0, 0, 1, 0, 0, 1, 1, 1, 0, 0, 0, 0, 1, 1, 0, 0, 1, 0, 1, 1, 1, 0, 0, 0, 0, 0, 1, 0, 0, 0, 0, 0, 0, 0, 0, 0, 0, 0, 0, 0, 0, 0, 0, 0, 0, 0, 0, 1, 0, 1, 0, 0, 1, 0, 0, 0, 0, 1, 0, 0, 1, 1, 0, 0]cluster_centers : 
[[0.02470548837126254, 0.0], [0.04478009857424076, 0.0]]
------No of feature after FCMI-----------
32

----Client : 3----

 fcmi cluster:2

 affmi cluster:2
------FCMI-----------
[0.02540850004287476, 0.03870273481500597, 0.04399707064813008, 0.028836683436719746, 0.022306100149166674, 0.02808201648056663, 0.03377636449860244, 0.03704560424947401, 0.03585732884240178, 0.032339826898890145, 0.04256765308379684, 0.04512980256248511, 0.04436266845731618, 0.032101787006523, 0.033749231159764026, 0.044356538537304147, 0.025078227437199008, 0.04443498439656102, 0.028431331310664998, 0.029691341686132633, 0.03755446622249359, 0.022695785692195214, 0.03112378319654252, 0.02580017139505486, 0.024498394244321986, 0.025004586035829224, 0.029122866143111104, 0.024688928959567535, 0.027523054986617668, 0.025777584533816178, 0.036769986447417136, 0.030807727099823712, 0.024802072665358832, 0.03721321627585095, 0.03541161616626587, 0.024240500242861174, 0.028890769704524644, 0.03156027721015375, 0.02945432253324798, 0.03751214158552907, 0.03063988811651308, 0.03183256185252947, 0.03454081969738709, 0.028116605190524613, 0.02868336201899213, 0.03073426998286699, 0.03019839441548644, 0.04451015906670186, 0.049459293399511495, 0.044788659185753144, 0.043794802150012746, 0.040829057359127674, 0.03612023916038609, 0.04284714074226059, 0.041257943718966406, 0.049059510034024534, 0.04583760490365263, 0.03623564709776872, 0.042909769232145845, 0.030131890139565964, 0.028749945643273378, 0.024131316708626116, 0.039293346207054825, 0.0399183298093404, 0.031212873103161787, 0.027028119905218695, 0.03374642104722714, 0.026908615172917205, 0.03025006077331538, 0.03277200352920229, 0.023593609937950344, 0.0303734244003091, 0.031586572273448965, 0.03924515051452904, 0.029003188791580925, 0.03127363117557014, 0.028594148319277757, 0.03424661326806522, 0.02757308374047307, 0.029563021991519278, 0.03210337848369882, 0.03156249463672367, 0.0366873430662058, 0.04043131663740107, 0.03780551590029502, 0.02956530303420868, 0.029775388999842, 0.029094331031790155, 0.02661649006048261, 0.02541263307988073, 0.02266866933743028, 0.030818511408195803, 0.027487913231118544, 0.033546264619280564, 0.023891334613167725, 0.021772800340676746, 0.028594148319277757, 0.025510254972323843, 0.021409512532411856, 0.028805574827612812]
------FFMI-----------
[0.9482488572729657, 0.9458365880979994, 0.9302302145691211, 0.9330263103349825, 0.9522964799135017, 0.9350913424004386, 0.935628030884964, 0.9653018168802462, 0.8890305775004154, 0.8862173998541987, 0.8830880597660283, 0.9071196406456428, 0.8745010127568695, 0.8475151572306681, 0.9192158056515927, 0.9013776101521194, 0.8795976907086501, 0.8133886862800901, 0.8684844657838985, 0.8403935063200645, 0.8325326737685205, 0.7901081685227621, 0.7494014079028279, 0.7165165828824412, 0.7996942039676089, 0.8341444992379797, 0.807129129801884, 0.8484421038288503, 0.8221418536728774, 0.884663918127045, 0.8725986112982741, 0.8889510354065788, 0.9092742798650859, 0.9265743171248679, 0.8918399182882402, 0.8854249055038068, 0.8776673859382639, 0.9311262840224199, 0.8816062379770481, 0.8964109497948735, 0.9312344031479225, 0.9369467299935327, 0.9117768917176674, 0.9486390045583648, 0.9464812195779878, 0.9274032402925739, 0.8737932615707014, 0.8815789058925393, 0.8869265520935763, 0.9275917826068398, 0.897166167838981, 0.9382300234089085, 0.9394659186927007, 0.9191753231762806, 0.9240516466909103, 0.946968873032019, 0.9424162961633675, 0.9457538980621164, 0.9127773514763908, 0.9432416341191829, 0.9606272548197268, 0.9528616261997641, 0.919250927956015, 0.9588821176570367, 0.9258992793768831, 0.9426940838435169, 0.9157723637959735, 0.9112412632567198, 0.9342350931706855, 0.9464503105086248, 0.9513171961139246, 0.9446649232233136, 0.924673663777242, 0.9255420401533628, 0.9377319113665155, 0.8979663508630441, 0.9300579979165177, 0.9031126120813004, 0.9334153831672632, 0.9317736722996082, 0.8799077853087123, 0.9668752080919099, 0.889842604042151, 0.9487775201566114, 0.9308145826319472, 0.9060215502493327, 0.8819823047570535, 0.9669124778628772, 0.9609100521611721, 0.9393107925279317, 0.9398166886190861, 0.8790891434727094, 0.9676658586637441, 0.9035569348290657, 0.9202533680446741, 0.9314422386865192, 0.9615905188517064, 0.9685656537654882, 0.93433340358466, 0.9356438260124232]

 ----Cluster Analysis----
cluster number :2
silhouette_avg :0.6117066784917609
cluster_labels : 
[0, 0, 0, 0, 0, 0, 0, 0, 1, 1, 1, 0, 1, 1, 0, 0, 1, 1, 1, 1, 1, 1, 1, 1, 1, 1, 1, 1, 1, 1, 1, 1, 0, 0, 1, 1, 1, 0, 1, 0, 0, 0, 0, 0, 0, 0, 1, 1, 1, 0, 0, 0, 0, 0, 0, 0, 0, 0, 0, 0, 0, 0, 0, 0, 0, 0, 0, 0, 0, 0, 0, 0, 0, 0, 0, 0, 0, 0, 0, 0, 1, 0, 1, 0, 0, 0, 1, 0, 0, 0, 0, 1, 0, 0, 0, 0, 0, 0, 0, 0]cluster_centers : 
[[0.9339226423301876, 0.0], [0.8543187421707292, 0.0]]
------No of feature after FFMI-----------
32
 ----Cluster Analysis----
cluster number :2
silhouette_avg :0.6477601111424999
cluster_labels : 
[1, 0, 0, 1, 1, 1, 1, 0, 0, 1, 0, 0, 0, 1, 1, 0, 1, 0, 1, 1, 0, 1, 1, 1, 1, 1, 1, 1, 1, 1, 0, 1, 1, 0, 0, 1, 1, 1, 1, 0, 1, 1, 1, 1, 1, 1, 1, 0, 0, 0, 0, 0, 0, 0, 0, 0, 0, 0, 0, 1, 1, 1, 0, 0, 1, 1, 1, 1, 1, 1, 1, 1, 1, 0, 1, 1, 1, 1, 1, 1, 1, 1, 0, 0, 0, 1, 1, 1, 1, 1, 1, 1, 1, 1, 1, 1, 1, 1, 1, 1]cluster_centers : 
[[0.04099833251484905, 0.0], [0.02852811293343023, 0.0]]
------No of feature after FCMI-----------
32

----Client : 4----

 fcmi cluster:2

 affmi cluster:2
------FCMI-----------
[0.014909789781753613, 0.030498471141571226, 0.04419791779565774, 0.03360500407228573, 0.015643983592449118, 0.014975106972201502, 0.013610945861031176, 0.01795042793467516, 0.014889876608314978, 0.019605088294238904, 0.03841137522991911, 0.03696881249258421, 0.01886573808476788, 0.020903242179428627, 0.020346822941861298, 0.020961159463250834, 0.0351916903718652, 0.0286626661408671, 0.012975391220494625, 0.027709367229604265, 0.009374901024771898, 0.017039155477200474, 0.019047353030308578, 0.017093758227590072, 0.01958524015808205, 0.017961719962076295, 0.016622510253053946, 0.025769911596773998, 0.012690512067083493, 0.046558688646682, 0.013064022829361921, 0.018253837351336788, 0.022938351555449543, 0.025947785256544176, 0.027405403158343944, 0.019486744389731303, 0.01757566024689039, 0.010133851810356198, 0.01662818646440334, 0.019478937487452885, 0.019170786020160424, 0.029188889848045907, 0.022091504232243153, 0.016288899664583134, 0.022250718024961813, 0.022296284983211123, 0.013145878197753369, 0.0318233034641473, 0.02097902968474985, 0.018524161672674566, 0.040163589517042464, 0.03529874402292732, 0.014430426404798524, 0.007371414749364202, 0.03246377229437991, 0.014391940510982248, 0.019765545854532718, 0.020028834577963117, 0.024890584459207332, 0.017645719487970002, 0.04018999047901195, 0.0169555480852126, 0.02782349973525733, 0.037051347199138274, 0.009836622704953335, 0.027853193188035696, 0.019450543064717607, 0.02617526479351895, 0.0388854703469419, 0.017727944521872985, 0.04267798728437944, 0.024924533917091374, 0.025422396526991076, 0.02392903901773691, 0.018000501263895963, 0.0567966923152583, 0.030737242705948464, 0.028880761313498038, 0.042568915940182084, 0.04220460861891384, 0.008438985215288408, 0.006535964816901441, 0.02567603396018514, 0.014956717418885823, 0.01833954751036515, 0.017951107272837774, 0.02070941260415493, 0.022223017546235013, 0.03357833542826505, 0.010270679594650556, 0.019906236756362272, 0.004261997066398848, 0.022223017546235013, 0.033077119699618684, 0.02528884123836006, 0.01697190127406989, 0.007708264657656727, 0.01769174319686062, 0.030193804799402812, 0.02060530771816227]
------FFMI-----------
[1.080405879213115, 1.0855869824422562, 1.1008832138193845, 1.0905363613756558, 1.0907440025563104, 1.101105468203406, 1.096607322398543, 1.099484423743597, 1.0969937521511814, 1.0949408610853202, 1.0518597640619205, 1.0179807787986468, 0.9892540575646027, 0.9369928183595231, 0.9166307925417518, 0.9723286791856267, 1.0104112571807242, 1.0113079944138061, 1.0496364966984895, 1.0571851397825687, 1.0525487261831303, 1.0887572946865645, 1.0800821518582313, 1.0824776834861485, 1.0681758436012563, 1.0836954679527704, 1.061526240288659, 1.0652183844439356, 1.0682705007589823, 1.0800864647028674, 1.1034525416500882, 1.1059036329521907, 1.09157477280353, 1.0940645055756282, 1.0973086886573185, 1.1000074271241636, 1.0905683279463056, 1.0783666865744017, 1.091401586231174, 1.0827561415775468, 1.0915895215568032, 1.0872491961969726, 1.095022258450456, 1.0753932205277474, 1.0878884171274863, 1.07400469472183, 1.0475029540865233, 1.055541944597182, 1.0705824119120466, 1.0473012257882923, 1.061943414118617, 1.0059859026842497, 1.042090801581208, 1.0733258329340276, 1.089428011780008, 1.0955581034298592, 1.07253309801318, 1.077502619409008, 1.0813432791313546, 1.0947587347296424, 1.080503385825352, 1.070420925676543, 1.0872356076563219, 1.0812239886685817, 1.0733816031133547, 1.0850124175207276, 1.0729610323120704, 1.073087388736681, 1.0898031732876763, 1.098913678445821, 1.1064922327246838, 1.0767010804300317, 1.0645144033471219, 1.0599936525950995, 1.0523102091544867, 1.0737518190347255, 1.0978819815215402, 1.0885408733154807, 1.0777769030805755, 1.0714628682357024, 1.0357502046221612, 1.0736464927029463, 1.0678868517845534, 1.0544616030048806, 1.087957657260763, 1.077364511396701, 1.0781623670229241, 1.0819880717031238, 1.0679695402232352, 1.0827234286087077, 1.0934674614524074, 1.0945992015774917, 1.0965628011768915, 1.0845784369421698, 1.1064386178959653, 1.0919981099961524, 1.0867482218659898, 1.079327528223897, 1.0897003954604458, 1.084379410202208]

 ----Cluster Analysis----
cluster number :2
silhouette_avg :0.7828615987127857
cluster_labels : 
[1, 1, 1, 1, 1, 1, 1, 1, 1, 1, 1, 0, 0, 0, 0, 0, 0, 0, 1, 1, 1, 1, 1, 1, 1, 1, 1, 1, 1, 1, 1, 1, 1, 1, 1, 1, 1, 1, 1, 1, 1, 1, 1, 1, 1, 1, 1, 1, 1, 1, 1, 0, 1, 1, 1, 1, 1, 1, 1, 1, 1, 1, 1, 1, 1, 1, 1, 1, 1, 1, 1, 1, 1, 1, 1, 1, 1, 1, 1, 1, 1, 1, 1, 1, 1, 1, 1, 1, 1, 1, 1, 1, 1, 1, 1, 1, 1, 1, 1, 1]cluster_centers : 
[[0.9826115350911164, 0.0], [1.0802223110270117, 0.0]]
------No of feature after FFMI-----------
8
 ----Cluster Analysis----
cluster number :2
silhouette_avg :0.622012108440512
cluster_labels : 
[0, 1, 1, 1, 0, 0, 0, 0, 0, 0, 1, 1, 0, 0, 0, 0, 1, 1, 0, 1, 0, 0, 0, 0, 0, 0, 0, 0, 0, 1, 0, 0, 0, 0, 1, 0, 0, 0, 0, 0, 0, 1, 0, 0, 0, 0, 0, 1, 0, 0, 1, 1, 0, 0, 1, 0, 0, 0, 0, 0, 1, 0, 1, 1, 0, 1, 0, 0, 1, 0, 1, 0, 0, 0, 0, 1, 1, 1, 1, 1, 0, 0, 0, 0, 0, 0, 0, 0, 1, 0, 0, 0, 0, 1, 0, 0, 0, 0, 1, 0]cluster_centers : 
[[0.01774342126672804, 0.0], [0.03554022980964742, 0.0]]
------No of feature after FCMI-----------
29

----Client : 5----

 fcmi cluster:2

 affmi cluster:2
------FCMI-----------
[0.030634968258515638, 0.01928667523322103, 0.01610190449941129, 0.0375669798814906, 0.02798134348455461, 0.028862672688052093, 0.03571010602814617, 0.015690656066972952, 0.03020718934069322, 0.027903845311163966, 0.0261433276259595, 0.02089633603704133, 0.024909628678730478, 0.020158887689114557, 0.018041734887056737, 0.024516758872906053, 0.027994737129263925, 0.04265269283772488, 0.020005601775249016, 0.039250282962388194, 0.027717624406065955, 0.018529075061411326, 0.01564488538245623, 0.020610204168673985, 0.018932321145292086, 0.01993098969614371, 0.028502898542607902, 0.029060707765112603, 0.021355763382176818, 0.03230929043479369, 0.04193897444334649, 0.024423958881757635, 0.04056531980127609, 0.02751874165559709, 0.03421052614317688, 0.032815768714427485, 0.03184260259428706, 0.024608173808350564, 0.033860052658800655, 0.012741276999039375, 0.017366167740982874, 0.022190283616637885, 0.03338993388564848, 0.023536905662412178, 0.022781427488511863, 0.046149854400881374, 0.019335809932986336, 0.02730706226159052, 0.0318542753866522, 0.02367470394706661, 0.02079704233851265, 0.028990321389623208, 0.029265974498132508, 0.027492257655279406, 0.022975929434180475, 0.022288587286038997, 0.026450529660329458, 0.029318326258816807, 0.038760527050406335, 0.03125480561369587, 0.022259545283113358, 0.030757198214126813, 0.03434631178510594, 0.02871528463794837, 0.02575765230818261, 0.024216270994613875, 0.01566034142697159, 0.024590310158872253, 0.02304093246199157, 0.019286154049387605, 0.03799662285781036, 0.014485903859299043, 0.03142307216168794, 0.029499579201878845, 0.028400436398953843, 0.028660966345265937, 0.03462145758962398, 0.01608505681524308, 0.05018847012266647, 0.01876788463356238, 0.010073879094855798, 0.02747655973617036, 0.02702655671113474, 0.011667996369082445, 0.014016973418355061, 0.012651505365393945, 0.018968287156977848, 0.01953269059207363, 0.017265697391881663, 0.03497267811257698, 0.01727634330835892, 0.03368413457459596, 0.020751458424820513, 0.019968418852686298, 0.01094042905933268, 0.02755029429060496, 0.04378648081852532, 0.018878462724353895, 0.013213064330620305, 0.017187271582466135]
------FFMI-----------
[1.1767845374749535, 1.1343407436783104, 1.184189820848497, 1.1319210282455856, 1.1408122743906983, 1.162969909342264, 1.1729652224206335, 1.1351785360590774, 1.146398790036715, 1.135149394547418, 1.131526726965033, 1.1638415708113852, 1.147908075458274, 1.135429321459321, 1.1311620422291226, 1.1161714420580058, 1.130776383496124, 1.1239053945778172, 1.138932610750411, 1.1362729255515716, 1.137427099033401, 1.167276735894713, 1.1720570100122327, 1.1483640620576525, 1.1862835653748165, 1.146397683581322, 1.163750313706121, 1.1412258419202481, 1.1391861985791705, 1.1490342806203782, 1.1478793040049025, 1.1520486207218403, 1.1458023525258796, 1.135996800958933, 1.1195494991634594, 1.154060011712805, 1.1150718792729155, 1.142166742688036, 1.168155203106986, 1.151994444813932, 1.1516507450122835, 1.1266666229680473, 1.1543252133201316, 1.1589103080755139, 1.1169980407430955, 1.1252858400958399, 1.1372748575053457, 1.0739791278861823, 1.1319169598607852, 1.1757396343404924, 1.1518638873743972, 1.1290578264557956, 1.1036821227675375, 1.1266284318676785, 1.1344397058141666, 1.1421008233052354, 1.10984067567094, 1.1234705032922065, 1.1104762133140749, 1.0814196964109202, 1.1531000734657189, 1.0795303347961067, 1.101592890214442, 1.137044704342228, 1.1053646987885986, 1.0550486185545964, 1.1207373162892047, 1.0885650788434669, 1.0800144970218275, 1.023904134097005, 1.0838454679866127, 1.0098125237602698, 1.0444654473035344, 1.014937147131748, 1.0281427674660542, 1.0649990351360241, 1.0974759634867082, 1.0717720049163901, 1.14960338536205, 1.135546550972165, 1.102181012113158, 1.1147889733566796, 1.1329493418296543, 1.1648672581519819, 1.1617343533018156, 1.1258875092493044, 1.1666955686584126, 1.1220088169776086, 1.1702219699207361, 1.1669545924203666, 1.1610967108849939, 1.1633922865148087, 1.111463102611719, 1.1004366707822786, 1.1834576520642153, 1.1577406764369265, 1.099735239220977, 1.1727697581896628, 1.1384057605872564, 1.1620396311779249]

 ----Cluster Analysis----
cluster number :2
silhouette_avg :0.6324295640787281
cluster_labels : 
[0, 0, 0, 0, 0, 0, 0, 0, 0, 0, 0, 0, 0, 0, 0, 0, 0, 0, 0, 0, 0, 0, 0, 0, 0, 0, 0, 0, 0, 0, 0, 0, 0, 0, 0, 0, 0, 0, 0, 0, 0, 0, 0, 0, 0, 0, 0, 1, 0, 0, 0, 0, 1, 0, 0, 0, 0, 0, 0, 1, 0, 1, 1, 0, 1, 1, 0, 1, 1, 1, 1, 1, 1, 1, 1, 1, 1, 1, 0, 0, 1, 0, 0, 0, 0, 0, 0, 0, 0, 0, 0, 0, 0, 1, 0, 0, 1, 0, 0, 0]cluster_centers : 
[[1.1448040086320561, 0.0], [1.0719478323183065, 0.0]]
------No of feature after FFMI-----------
21
 ----Cluster Analysis----
cluster number :2
silhouette_avg :0.5805931852624198
cluster_labels : 
[1, 0, 0, 1, 1, 1, 1, 0, 1, 1, 1, 0, 0, 0, 0, 0, 1, 1, 0, 1, 1, 0, 0, 0, 0, 0, 1, 1, 0, 1, 1, 0, 1, 1, 1, 1, 1, 0, 1, 0, 0, 0, 1, 0, 0, 1, 0, 1, 1, 0, 0, 1, 1, 1, 0, 0, 1, 1, 1, 1, 0, 1, 1, 1, 0, 0, 0, 0, 0, 0, 1, 0, 1, 1, 1, 1, 1, 0, 1, 0, 0, 1, 1, 0, 0, 0, 0, 0, 0, 1, 0, 1, 0, 0, 0, 1, 1, 0, 0, 0]cluster_centers : 
[[0.019174004301467283, 0.0], [0.03254266580259546, 0.0]]
------No of feature after FCMI-----------
49

----Global feature subset----
V45,V100,V56,V16,V84,V51,V60,V55,V42,V97V45,V100,V56,V16,V84,V51,V60,V55,V42,V97
 number of global feature subset :10

----Learning on Global features--------
 Client : 1----

 knn-3 :0.5102040816326531

 knn-5 :0.4897959183673469

 roc_auc_score :0.37115384615384617

----Learning on Global features--------
 Client : 2----

 knn-3 :0.4489795918367347

 knn-5 :0.42857142857142855

 roc_auc_score :0.46923076923076923

----Learning on Global features--------
 Client : 3----

 knn-3 :0.5306122448979592

 knn-5 :0.6326530612244898

 roc_auc_score :0.6086956521739131

----Learning on Global features--------
 Client : 4----

 knn-3 :0.46938775510204084

 knn-5 :0.46938775510204084

 roc_auc_score :0.4980158730158731

----Learning on Global features--------
 Client : 5----

 knn-3 :0.625

 knn-5 :0.5833333333333334

 roc_auc_score :0.53
