GR fed_fis fed_mofs anova no_fs
0 0.6175579071044922 0.47455355326334636 0.6380783081054687 0.7215279261271159
1 0.3015702883402506 0.27762139638264977 0.3753330230712891 0.44485721588134763
2 0.205556853612264 0.18494172096252443 0.22292596499125164 0.28236942291259765
3 0.1618704636891683 0.13918431599934897 0.15352072715759277 0.20230967203776043
4 0.13758705457051595 0.11113692124684652 0.11730964183807373 0.15672121047973633
5 0.12220198313395182 0.09536957740783691 0.09830555121103922 0.13088757991790773
6 0.11077141761779785 0.08262745539347331 0.0842177152633667 0.1105219841003418
7 0.10396718184153239 0.07468183040618896 0.07636098861694336 0.09860492547353109
8 0.09578379789988199 0.06783214410146078 0.06888330777486165 0.08750669161478679
9 0.09161458810170492 0.06230010986328125 0.06420184771219889 0.07883102893829345
10 0.08614765008290609 0.05886455774307251 0.06044848362604777 0.0731428066889445
11 0.08297615051269532 0.05440839131673177 0.05634770393371582 0.06664673487345378
12 0.07878823280334472 0.05236574411392212 0.05393274227778117 0.06331897179285685
13 0.0778085708618164 0.04873131116231282 0.05100329319636027 0.05816880464553833
14 0.07369224230448405 0.04700394868850708 0.048082868258158364 0.05573256413141887
15 0.07373754183451335 0.0447083314259847 0.046433103084564206 0.05226624011993408
16 0.07166547775268554 0.042897240320841475 0.04453679323196411 0.050050016244252524
17 0.07001991271972656 0.04121502637863159 0.04239080746968587 0.047349997361501056
18 0.06884236335754394 0.03995724121729533 0.041410013039906816 0.04612955649693807
19 0.0665268103281657 0.03821274042129517 0.03942110538482666 0.043326938152313234
20 0.06575154463450114 0.03693250815073649 0.03828229904174805 0.042477675278981525
21 0.06294564406077068 0.035428643226623535 0.03625691334406535 0.04027812083562215
22 0.06211510896682739 0.033666845162709555 0.03464665412902832 0.038541499773661295
23 0.059827605883280434 0.03292785088221232 0.03400578498840332 0.037635604540506996
24 0.0586464246114095 0.031195165713628133 0.03207234541575114 0.03581705093383789
25 0.05651138623555501 0.030744316180547078 0.03179595867792765 0.03549667596817017
26 0.055691011746724445 0.02910671631495158 0.030127811431884765 0.03357763687769572
27 0.052834681669871014 0.028660398721694947 0.029169789950052896 0.03310268719991048
28 0.05302273035049439 0.027744807799657187 0.028348469734191896 0.03180277148882548
29 0.05159229834874471 0.026902286211649577 0.027614607413609823 0.0311141828695933
30 0.05040320158004761 0.0261879026889801 0.02641162077585856 0.029865165551503498
31 0.04971023797988892 0.025565371910730997 0.026137731472651162 0.02946322758992513
32 0.047997701168060306 0.02471295197804769 0.025259929895401 0.02811578710873922
33 0.047473220030466716 0.02418962518374125 0.024593351284662883 0.027885377407073975
34 0.04549622933069865 0.023380162318547566 0.02371068994204203 0.026707563797632852
35 0.04497906764348348 0.022511404752731324 0.022673366467158 0.0258511483669281
36 0.043534783522288005 0.02223451336224874 0.02233429948488871 0.025400672356287637
37 0.04278955062230428 0.021306532621383666 0.020911628007888795 0.02449438770612081
38 0.04145345687866211 0.02130335569381714 0.020844235022862753 0.024591928720474242
39 0.040979957580566405 0.0202738622824351 0.01953778862953186 0.023383617401123047
40 0.03898483117421468 0.020209483305613198 0.019138473272323608 0.023291009664535522
41 0.039252595106760664 0.019748361905415852 0.018466564019521077 0.022614107529322306
42 0.03835602601369222 0.019246967633565266 0.018089842796325684 0.022219433387120565
43 0.03755906820297241 0.018880335489908855 0.017391504844029744 0.02143383224805196
44 0.03712483644485474 0.01851463516553243 0.01730380455652873 0.021233963966369628
45 0.03604996601740519 0.017964808146158855 0.01686318516731262 0.020373048384984334
46 0.03574800491333008 0.017766642570495605 0.016410441199938456 0.020189873377482095
47 0.03439128001530965 0.017248868942260742 0.015827088554700216 0.01938881476720174
48 0.03415582180023193 0.016729931036631267 0.015206275383631389 0.0187883992989858
49 0.033169470230738324 0.016715357700983684 0.014951483408610026 0.018496026595433552
50 0.03270822763442993 0.016150768597920737 0.014072595040003459 0.017881673574447633
51 0.0319817860921224 0.016352395216623943 0.014187069733937581 0.01795697013537089
52 0.031637070576349895 0.015697677930196125 0.013298295934995015 0.01705885132153829
53 0.03042477567990621 0.015846256415049234 0.013256141543388366 0.017077696323394776
54 0.030796788136164346 0.015692522128423054 0.01281072994073232 0.0165732612212499
55 0.03025738000869751 0.01542232632637024 0.012585581342379252 0.01632088323434194
56 0.02975831429163615 0.015333820382754009 0.012193698684374492 0.015796799461046854
57 0.02960808277130127 0.015171207984288533 0.012147944172223408 0.015632946292559305
58 0.02889824112256368 0.014921278754870097 0.011963225404421489 0.015016043186187744
59 0.028733032941818237 0.014884976545969646 0.011647988359133403 0.014914156993230183
60 0.027825874090194703 0.014596474170684815 0.011294157306353251 0.01427868107954661
61 0.027719386418660483 0.014248191316922506 0.010939001043637594 0.013874918222427368
62 0.027005773782730103 0.01432716945807139 0.010812326272328695 0.013676217198371888
63 0.026718664169311523 0.013919185598691304 0.01030865212281545 0.013211098313331605
64 0.02624793251355489 0.014186557133992512 0.010476585229237874 0.01330260435740153
65 0.025965330998102824 0.013670824964841207 0.00992156167825063 0.012617515524228413
66 0.025170165300369262 0.013896466294924418 0.01002783477306366 0.012622456749280293
67 0.025462859869003297 0.013879486918449402 0.009777119755744934 0.012237152457237244
68 0.0250821848710378 0.013650903105735778 0.009681374828020731 0.01203856865564982
69 0.024783450365066528 0.01365087330341339 0.009481438994407653 0.011599769194920858
70 0.024673316876093546 0.013479262590408325 0.00946712891260783 0.011451069513956707
71 0.02417857845624288 0.013333500425020853 0.009423778454462687 0.01101898451646169
72 0.024124052127202353 0.013269821802775065 0.009216134746869406 0.010906609892845153
73 0.023408077160517373 0.013067085544268291 0.008981033166249593 0.010415374239285787
74 0.023396191994349162 0.012793818116188049 0.008795992533365885 0.010069475571314494
75 0.022907503445943198 0.012877593437830607 0.008729183673858642 0.009949084122975667
76 0.022724594672520956 0.012539191047350566 0.008371124664942423 0.009548638264338176
77 0.022448736429214477 0.012866699695587158 0.008599509795506796 0.009684101740519205
78 0.022257222731908163 0.012358485658963522 0.008153508106867472 0.009134029348691305
79 0.021727937459945678 0.012623352805773418 0.008308187623818715 0.009124263127644857
80 0.022008331616719563 0.012660897771517436 0.00813274085521698 0.00892850657304128
81 0.021755101283391316 0.012444217006365459 0.008058251937230428 0.008724883198738098
82 0.021534802516301473 0.012464368343353271 0.007942488292853038 0.008455143372217814
83 0.021466058492660523 0.012274296085039774 0.007961029807726542 0.008323882520198823
84 0.02112451990445455 0.012180928389231365 0.007969240347544352 0.008045782148838044
85 0.021074565251668294 0.012069691220919292 0.0078081483642260235 0.00793243944644928
86 0.020530047019322713 0.01191147267818451 0.007636601229508718 0.0075686891873677576
87 0.020582558711369832 0.011647319793701172 0.0075151979923248294 0.007352198660373688
88 0.02016886274019877 0.011736382047335308 0.007446847359339396 0.007226197918256124
89 0.020072964827219646 0.011423765619595846 0.007195616265137991 0.006972287595272064
90 0.019933543602625527 0.011757205923398335 0.0073982233802477515 0.007067432006200154
91 0.019750229517618813 0.011245716611544292 0.007039418319861094 0.006657940149307251
92 0.01941129763921102 0.011541814605394999 0.007195476690928141 0.006713187197844187
93 0.019687531391779582 0.011591117580731709 0.007120146850744883 0.0065653368830680845
94 0.019477246205012004 0.011362592379252115 0.007064546644687653 0.006411898136138916
95 0.01935682495435079 0.01143199106057485 0.006992647051811218 0.006212179859479268
96 0.019325625896453858 0.011206776897112528 0.006970266004403433 0.006142177184422811
97 0.019066176811854043 0.011172643303871155 0.006993361314137777 0.00592264582713445
98 0.01906801462173462 0.011044640342394512 0.0068740343054135645 0.0058487618962923685
99 0.018652182817459107 0.010911187529563904 0.006721385816733042 0.0055770382285118105
100 0.01872437000274658 0.010664263367652893 0.006634465356667837 0.005417396624883016
101 0.018407382567723594 0.010764758785565693 0.006616328656673431 0.00539386123418808
102 0.01838560700416565 0.010468340913454692 0.00638491561015447 0.005197435120741526
103 0.018308025598526 0.01080147127310435 0.006609056890010834 0.005321232477823893
104 0.018161922693252563 0.010324442386627197 0.006276331345240275 0.005030385653177897
105 0.017964730660120647 0.01060157318909963 0.006492149333159129 0.005063752830028534
106 0.018207353353500367 0.010666381319363911 0.006409292916456858 0.004963679114977518
107 0.018055152893066407 0.01044347882270813 0.006395715475082398 0.004871934155623118
108 0.01799781322479248 0.010523826877276102 0.00636024276415507 0.004730882247289022
109 0.01795641581217448 0.010274319847424825 0.006335897743701935 0.004655777911345164
110 0.01777680516242981 0.010280043880144755 0.006376264492670695 0.004565936823685964
111 0.017806929349899293 0.010123395919799804 0.006254875163237254 0.004510924220085144
112 0.01743565797805786 0.010019182165463766 0.0061114862561225895 0.004316513240337372
113 0.01754558881123861 0.009796101848284404 0.006044240295886993 0.004203176001707712
114 0.01728492776552836 0.009893645842870077 0.006000295281410217 0.004152255753676097
115 0.017283332347869874 0.00962223211924235 0.005821813642978668 0.0040523904065291085
116 0.0172743817170461 0.00996764600276947 0.0060252512494723 0.004150277376174927
117 0.01714607874552409 0.009508789579073588 0.0057261154055595394 0.003908092776934306
118 0.017010899384816487 0.00979073743025462 0.005919947723547618 0.003983020534118017
119 0.017259506384531657 0.009886757532755534 0.005894497036933899 0.003914191325505575
120 0.0171378751595815 0.009660949309666952 0.005866055190563202 0.003830024600028992
121 0.01709468166033427 0.009762148062388102 0.005816719929377238 0.003741467992464701
122 0.01706993579864502 0.009535455703735351 0.005806908508141835 0.003690016766389211
123 0.016935696204503376 0.009579182664553324 0.005840416252613068 0.003586780031522115
124 0.016961467266082764 0.009430487950642904 0.005743084847927094 0.003541876624027888
125 0.01665063699086507 0.00937890609105428 0.0056097015738487245 0.0034012049436569214
126 0.016783603032430015 0.009192178646723429 0.005545139809449514 0.0033059321343898774
127 0.016535425186157228 0.009289605418841045 0.005501846472422282 0.003301337609688441
128 0.01656899948914846 0.00908969243367513 0.005343836545944214 0.003199647118647893
129 0.016604244709014893 0.009436949094136556 0.005543466905752818 0.0033133747677008313
130 0.016464879115422566 0.009028381109237671 0.00527512530485789 0.003109875073035558
131 0.016407617926597597 0.009336041410764058 0.005479628841082255 0.003159008175134659
132 0.016653685768445333 0.009468164046605427 0.005455910662810008 0.003119101126988729
133 0.016519267360369363 0.009267537792523702 0.005422919491926829 0.0030549061795075733
134 0.016521514455477396 0.009417642156283062 0.005381675064563751 0.0029916788140932717
135 0.01650174558162689 0.009185295303662617 0.005359037220478058 0.0029466599225997925
136 0.016376702984174093 0.009258964657783508 0.005390359461307526 0.0028986133635044097
137 0.01642716924349467 0.009122693538665771 0.005300305287043254 0.0028681136667728425
138 0.01614780326684316 0.009092913071314494 0.005159828066825867 0.0027507347365220386
139 0.016263336936632792 0.008919245004653931 0.005100014805793762 0.0026768373946348826
140 0.01604504386583964 0.009013316035270691 0.005070055524508159 0.002658606320619583
141 0.016099769870440164 0.008804441491762797 0.0048862795035044355 0.002571021765470505
142 0.016138830780982973 0.009128530820210775 0.0051032821337382 0.0026582273344198863
143 0.01601760486761729 0.00873024861017863 0.004813433190186818 0.0025008395314216614
144 0.016008713841438295 0.009024342894554139 0.005012732744216919 0.0025656213363011676
145 0.016232571005821227 0.009140480558077495 0.004993141194184621 0.0025364344318707785
146 0.01611554523309072 0.008948474129041036 0.00495706448952357 0.00249075988928477
147 0.016134440898895264 0.009071440498034159 0.004912038147449493 0.002436964213848114
148 0.01608669360478719 0.008820871512095133 0.004879578451315562 0.002397158245245616
149 0.015990752975145975 0.008900673190752665 0.004907342791557312 0.002374428262313207
150 0.016036290923754373 0.008735085527102152 0.004790079593658447 0.002348832537730535
151 0.015744597713152567 0.008712833126386007 0.0046841184298197424 0.0022512689232826234
152 0.015878681341807047 0.008546263972918192 0.004624295234680176 0.002190754065910975
153 0.015666733185450237 0.008657404780387878 0.004597573975721995 0.002181361118952433
154 0.015716502070426942 0.008438657720883687 0.004427093267440796 0.0021051568289597827
155 0.015790526072184244 0.008817832668622334 0.00461393545071284 0.00218752051393191
156 0.0156666229168574 0.008392939964930216 0.0043445001045862835 0.0020546918114026386
157 0.015658994515736897 0.008719492952028911 0.004567255576451619 0.0021065587798754374
158 0.015906285246213278 0.008868951598803203 0.004534008105595907 0.0020930988093217215
159 0.015772619843482973 0.008665592471758524 0.004483955601851146 0.002051072319348653
160 0.015786935885747273 0.008803607026735941 0.00448978990316391 0.002010311931371689
161 0.015747855106989544 0.008551032344500224 0.004459599157174429 0.0019990889976421993
162 0.01565165420373281 0.008657375971476236 0.004474733769893646 0.0019569932172695797
163 0.015689512093861897 0.008473896980285644 0.004388749102751414 0.0019377556939919789
164 0.01542806625366211 0.008486508329709371 0.004252728819847107 0.0018653571605682373
165 0.015565227468808491 0.008305887877941131 0.004207574327786763 0.0018281998733679454
166 0.01534139116605123 0.008409990866978963 0.0041490683952967325 0.0018176909536123276
167 0.015418598055839538 0.008204154173533122 0.00402462954322497 0.0017613992094993591
168 0.015498847762743632 0.008590190609296163 0.004201632738113403 0.0018136636664470038
169 0.015358034769694011 0.008161758879820506 0.003945514311393102 0.0017041414976119995
170 0.015404869119326274 0.008495151996612549 0.004145895441373189 0.0017616933832565944
171 0.01565492550532023 0.008654982844988505 0.004113264133532842 0.0017513681203126907
172 0.015491506457328797 0.008446410298347473 0.004083862155675888 0.0017043108741442363
173 0.015543698271115621 0.008595123887062073 0.004086160659790039 0.001682012031475703
174 0.015497425198554992 0.008333788315455119 0.004054668049017589 0.0016617140422264735
175 0.01539373497168223 0.008441449205080668 0.004084830482800801 0.0016478518644968668
176 0.015446810921033224 0.008257357279459636 0.003982960184415182 0.00162203349173069
177 0.015173078576723734 0.008272752165794373 0.003857154647509257 0.001568527395526568
178 0.015301990509033202 0.008095254997412364 0.0038293895622094473 0.0015132705370585124
179 0.015094020962715149 0.008231242001056672 0.003794374316930771 0.0015185061842203141
180 0.015171357989311218 0.008017717798550924 0.0036737412214279176 0.0014699785659710565
181 0.015241905053456625 0.008394270141919454 0.0038617896536986035 0.0015347924083471299
182 0.015111843744913736 0.007976437111695607 0.0036163059373696643 0.0014425167193015417
183 0.015176731348037719 0.008325486878554026 0.0038075121740500134 0.0014694026360909144
184 0.015396913886070252 0.00847771167755127 0.0037966219087441763 0.0014675931384166081
185 0.015258938074111938 0.008272737264633179 0.0037486898402373 0.0014587491750717163
186 0.01530363957087199 0.008422592282295227 0.003739128510157267 0.0014349942406018574
187 0.015227198600769043 0.008149748543898265 0.0037164032459259034 0.0014025460928678512
188 0.015148945649464925 0.008287090063095092 0.003747796267271042 0.0014002644767363867
189 0.01518619457880656 0.00807861437400182 0.0036804636319478353 0.001380138968427976
190 0.014907766381899517 0.0081050639351209 0.003568221628665924 0.0013359376539786656
191 0.015051473180452983 0.007929084698359172 0.0035133836170037585 0.0012918765346209208
192 0.0148282657066981 0.008071273565292358 0.0034686334431171416 0.0012929363797108333
193 0.014901470144589741 0.007851446668306986 0.0033565868933995565 0.001249634971221288
194 0.015015116333961487 0.008244514465332031 0.0035375234981377917 0.0013069784889618555
195 0.01487139860788981 0.007814854880174001 0.003303739180167516 0.001229022815823555
196 0.014935640494028728 0.008154108126958211 0.0034915685653686525 0.0012522868812084198
197 0.015174507101376852 0.008361315727233887 0.003466862191756566 0.0012556284666061402
198 0.015011359254519146 0.008166337509950002 0.003449201832214991 0.0012339308857917785
199 0.015044621626536052 0.008320589860280355 0.003448342283566793 0.0012293183555205664
